1700379895052 1787.4118990898132 0
1700380094416 1749.3522024154663 1
1700380294479 1724.6348414421082 2
1700380494245 1696.081419467926 3
1700380692764 1654.3429279327393 4
1700380892928 1598.968778371811 5
1700381091683 1535.3490025997162 6
1700381289705 1481.8604881763458 7
1700381487881 1428.1977651119232 8
1700381686387 1387.9105067253113 9
1700381884466 1347.8086524009705 10
1700382083171 1312.6923341751099 11
1700382280681 1284.788198709488 12
1700382479305 1254.4529762268066 13
1700382677363 1223.0421991348267 14
1700382875033 1198.1766653060913 15
1700383072757 1165.0270569324493 16
1700383271198 1139.9819474220276 17
1700383469071 1116.1215493679047 18
1700383667251 1087.197292804718 19
1700383864847 1058.8659343719482 20
1700384063299 1032.8720009326935 21
1700384261772 1014.5844752788544 22
1700384459844 983.5869300365448 23
1700384658025 966.9416737556458 24
1700384857054 938.08596098423 25
1700385055370 918.3433603048325 26
1700385253755 889.4959554672241 27
1700385451890 876.6313772201538 28
1700385650839 844.5870486497879 29
1700385850835 828.5070301294327 30
1700386050453 801.0460312366486 31
1700386249148 779.2909861803055 32
1700386447528 758.9303736686707 33
1700386645592 736.8799439668655 34
1700386844640 715.8185485601425 35
1700387043062 698.872612953186 36
1700387241805 678.7589614391327 37
1700387440110 657.9581161737442 38
1700387638427 632.7829451560974 39
1700387836268 613.7169522047043 40
1700388033949 589.9777598381042 41
1700388231939 573.5716820955276 42
1700388430808 544.345575928688 43
1700388629850 526.8497486114502 44
1700388827920 495.9390717744827 45
1700389025945 472.0177090167999 46
1700389225088 445.42354410886765 47
1700389423538 426.91291534900665 48
1700389621191 399.60716515779495 49
1700389819503 377.17761504650116 50
1700390017638 352.5481730699539 51
1700390215642 331.7813304066658 52
1700390413974 298.8209237754345 53
1700390611533 273.99706998467445 54
1700390809443 255.3676105439663 55
1700391007398 224.4910463988781 56
1700391205499 214.11493611335754 57
1700391403974 190.52188804745674 58
1700391602275 170.05428187549114 59
1700391800667 150.79191215336323 60
1700391998872 134.90333998203278 61
1700392196804 128.2798562347889 62
1700392394917 112.96945160627365 63
1700392592825 102.61226613074541 64
1700392790927 91.02729594707489 65
1700392988848 78.75875455141068 66
1700393187696 77.41657602787018 67
1700393385420 68.53894158452749 68
1700393582928 61.020081501454115 69
1700393781461 53.924985371530056 70
1700393979326 46.10401168093085 71
1700394176838 42.42103872820735 72
1700394374940 40.822319354861975 73
1700394572839 34.86195775680244 74
1700394771385 29.553340734913945 75
1700394969805 28.74138893932104 76
1700395168372 26.32014355249703 77
1700395366944 23.762298529967666 78
1700395565053 22.904371530748904 79
1700395764206 20.09580739401281 80
1700395962665 17.60522297024727 81
1700396160624 17.313875010237098 82
1700396359957 15.218306888826191 83
1700396558268 13.94864196330309 84
1700396756905 15.014220518060029 85
1700396955152 12.69383559236303 86
1700397153496 11.91140550840646 87
1700397351965 11.399306375533342 88
1700397550579 11.117282258812338 89
1700397748094 11.177895311266184 90
1700397945718 10.531341258436441 91
1700398144411 10.361330010462552 92
1700398342946 9.3141282745637 93
1700398541055 9.185044774319977 94
1700398740266 8.294861636590213 95
1700398941257 8.55857261735946 96
1700399145840 9.877799212932587 97
1700399347252 6.976625932846218 98
1700399545601 7.993193841073662 99
