1700379895099 200.49745559692383 0
1700380094433 199.3277726173401 1
1700380294496 200.05562233924866 2
1700380494259 199.75459933280945 3
1700380692780 198.5151665210724 4
1700380892945 200.15704011917114 5
1700381091697 198.7433683872223 6
1700381289722 198.01825070381165 7
1700381487898 198.167720079422 8
1700381686401 198.49446535110474 9
1700381884482 198.07368564605713 10
1700382083185 198.69621634483337 11
1700382280699 197.50813221931458 12
1700382479322 198.61376476287842 13
1700382677379 198.04830241203308 14
1700382875050 197.66416335105896 15
1700383072772 197.71375370025635 16
1700383271213 198.4339051246643 17
1700383469086 197.86567902565002 18
1700383667269 198.17659449577332 19
1700383864866 197.5872826576233 20
1700384063313 198.43867015838623 21
1700384261789 198.46929669380188 22
1700384459859 198.06116795539856 23
1700384658043 198.17764496803284 24
1700384857067 199.01536893844604 25
1700385055387 198.31187915802002 26
1700385253770 198.37505793571472 27
1700385451907 198.13167142868042 28
1700385650853 198.93737721443176 29
1700385850849 199.98836278915405 30
1700386050467 199.61159539222717 31
1700386249162 198.68844962120056 32
1700386447546 198.37671041488647 33
1700386645609 198.05399203300476 34
1700386844654 199.0358064174652 35
1700387043079 198.41911816596985 36
1700387241821 198.73254823684692 37
1700387440127 198.29762768745422 38
1700387638443 198.30630612373352 39
1700387836286 197.8348617553711 40
1700388033964 197.6699242591858 41
1700388231955 197.98365235328674 42
1700388430826 198.86463809013367 43
1700388629864 199.028635263443 44
1700388827937 198.06590700149536 45
1700389025960 198.01477646827698 46
1700389225101 199.13305759429932 47
1700389423554 198.44671535491943 48
1700389621208 197.6466953754425 49
1700389819518 198.30153346061707 50
1700390017655 198.12954926490784 51
1700390215657 197.99396395683289 52
1700390413991 198.32695055007935 53
1700390611548 197.5497374534607 54
1700390809457 197.90211534500122 55
1700391007415 197.9506323337555 56
1700391205513 198.09019804000854 57
1700391403993 198.47328686714172 58
1700391602293 198.2923014163971 59
1700391800684 198.3817629814148 60
1700391998888 198.19659519195557 61
1700392196818 197.9227478504181 62
1700392394932 198.10704946517944 63
1700392592843 197.90395545959473 64
1700392790941 198.08990144729614 65
1700392988866 197.91837000846863 66
1700393187709 198.83448457717896 67
1700393385438 197.72186589241028 68
1700393582945 197.4984529018402 69
1700393781478 198.5263156890869 70
1700393979340 197.85281944274902 71
1700394176853 197.50603032112122 72
1700394374954 198.09447574615479 73
1700394572853 197.8910882472992 74
1700394771400 198.5403311252594 75
1700394969819 198.41195631027222 76
1700395168386 198.55976176261902 77
1700395366961 198.5673532485962 78
1700395565071 198.1013367176056 79
1700395764225 199.1448860168457 80
1700395962682 198.44934606552124 81
1700396160642 197.95161890983582 82
1700396359971 199.31980347633362 83
1700396558287 198.30840635299683 84
1700396756921 198.6260371208191 85
1700396955167 198.23883175849915 86
1700397153511 198.337881565094 87
1700397351982 198.464040517807 88
1700397550593 198.60142421722412 89
1700397748108 197.50833177566528 90
1700397945734 197.61840844154358 91
1700398144429 198.68756937980652 92
1700398342963 198.52444076538086 93
1700398541069 198.09724521636963 94
1700398740285 199.2092158794403 95
1700398941274 200.98138451576233 96
1700399145856 204.57444429397583 97
1700399347271 201.40727138519287 98
1700399545615 198.33452701568604 99
