1700379895092 1.3880000114440918 0
1700380094425 2.6439998149871826 1
1700380294488 4.25600004196167 2
1700380494253 5.383999824523926 3
1700380692772 7.395999908447266 4
1700380892937 8.64799976348877 5
1700381091691 10.723999977111816 6
1700381289714 12.455999374389648 7
1700381487889 14.196000099182129 8
1700381686394 15.907999992370605 9
1700381884474 17.392000198364258 10
1700382083178 19.368000030517578 11
1700382280690 20.392000198364258 12
1700382479314 22.40799903869629 13
1700382677371 23.399999618530273 14
1700382875042 24.387998580932617 15
1700383072765 26.119998931884766 16
1700383271206 27.607999801635742 17
1700383469078 28.507999420166016 18
1700383667260 29.81599998474121 19
1700383864857 31.45599937438965 20
1700384063306 32.551998138427734 21
1700384261781 33.29199981689453 22
1700384459852 35.11199951171875 23
1700384658035 35.9839973449707 24
1700384857061 37.14399719238281 25
1700385055379 38.503997802734375 26
1700385253763 39.69199752807617 27
1700385451900 40.78799819946289 28
1700385650846 42.24399948120117 29
1700385850842 43.43199920654297 30
1700386050461 44.86800003051758 31
1700386249155 46.35599899291992 32
1700386447537 47.62799835205078 33
1700386645601 48.70399856567383 34
1700386844647 49.58399963378906 35
1700387043071 50.85199737548828 36
1700387241813 52.18000030517578 37
1700387440119 53.295997619628906 38
1700387638435 54.90399932861328 39
1700387836277 55.843997955322266 40
1700388033957 57.3599967956543 41
1700388231947 58.227996826171875 42
1700388430818 60.375999450683594 43
1700388629857 61.39999771118164 44
1700388827929 63.20800018310547 45
1700389025953 64.87999725341797 46
1700389225095 67.06399536132812 47
1700389423546 67.78800201416016 48
1700389621200 70.0 49
1700389819511 71.54399871826172 50
1700390017647 73.39599609375 51
1700390215650 74.83200073242188 52
1700390413983 77.51200103759766 53
1700390611542 79.52799987792969 54
1700390809450 81.29999542236328 55
1700391007407 83.65599822998047 56
1700391205506 84.31599426269531 57
1700391403984 86.16400146484375 58
1700391602284 87.95199584960938 59
1700391800676 89.69599914550781 60
1700391998880 90.88399505615234 61
1700392196812 91.2760009765625 62
1700392394925 92.5719985961914 63
1700392592835 93.47999572753906 64
1700392790935 94.42399597167969 65
1700392988857 95.27999877929688 66
1700393187703 95.21599578857422 67
1700393385429 96.06800079345703 68
1700393582937 96.61599731445312 69
1700393781470 97.26399993896484 70
1700393979334 97.843994140625 71
1700394176847 97.95999908447266 72
1700394374947 97.89199829101562 73
1700394572846 98.43999481201172 74
1700394771393 98.82799530029297 75
1700394969812 98.79999542236328 76
1700395168379 98.91999816894531 77
1700395366953 99.13599395751953 78
1700395565062 99.15999603271484 79
1700395764215 99.33200073242188 80
1700395962674 99.4679946899414 81
1700396160633 99.50799560546875 82
1700396359965 99.55999755859375 83
1700396558278 99.61199951171875 84
1700396756913 99.54000091552734 85
1700396955159 99.67599487304688 86
1700397153504 99.7719955444336 87
1700397351974 99.71199798583984 88
1700397550586 99.7760009765625 89
1700397748101 99.74800109863281 90
1700397945726 99.8239974975586 91
1700398144420 99.79199981689453 92
1700398342955 99.83999633789062 93
1700398541062 99.80799865722656 94
1700398740275 99.86000061035156 95
1700398941266 99.7959976196289 96
1700399145849 99.77999877929688 97
1700399347262 99.90399932861328 98
1700399545608 99.85199737548828 99
