1700542815865 4273.236401557922 0
1700542967803 3195.7408242225647 1
1700543119650 2922.7118434906006 2
1700543271388 2767.80087351799 3
1700543423173 2653.546060562134 4
1700543574978 2552.809352874756 5
1700543726783 2450.559145927429 6
1700543878610 2351.902391910553 7
1700544030519 2255.9831578731537 8
1700544182469 2160.502658843994 9
1700544334348 2073.2048513889313 10
1700544486258 1984.2442191839218 11
1700544638210 1902.0305451154709 12
1700544790035 1817.2561993598938 13
1700544941927 1739.7756679058075 14
1700545093781 1659.0532723665237 15
1700545245627 1586.469831943512 16
1700545397450 1514.5917205810547 17
1700545549315 1440.7793781757355 18
1700545701172 1368.9647290706635 19
1700545853049 1301.2053800821304 20
1700546004907 1224.565841794014 21
1700546157760 1155.924888253212 22
1700546311379 1078.3489676713943 23
1700546465036 1006.1078565120697 24
1700546618680 927.3018247485161 25
1700546772326 860.19810962677 26
1700546925970 784.7179599404335 27
1700547079638 713.0329275131226 28
1700547233364 637.4642794430256 29
1700547387061 569.3909866809845 30
1700547540728 507.3731387257576 31
1700547694439 445.66251888871193 32
1700547848163 389.0293446779251 33
1700548001863 328.69617150723934 34
1700548155584 277.98078839480877 35
1700548309280 247.93666891753674 36
1700548462986 199.79619516432285 37
1700548616707 165.65730598568916 38
1700548770439 142.0046277269721 39
1700548924179 121.12055070325732 40
1700549077937 103.49379116669297 41
1700549231679 76.40790398791432 42
1700549385335 68.45540668070316 43
1700549539115 58.17663826793432 44
1700549692844 53.19496255740523 45
1700549846606 46.94879075139761 46
1700550005821 39.92358444072306 47
1700550159595 37.371983947232366 48
1700550313346 29.80101214442402 49
1700550469332 29.01576367393136 50
1700550623139 27.896743692457676 51
1700550776868 27.24458054918796 52
1700550930631 25.6867198292166 53
1700551084299 28.037487511523068 54
1700551238013 23.17634469177574 55
1700551391783 21.437003071419895 56
1700551545527 26.393050036393106 57
1700551699292 20.24878849182278 58
1700551853099 21.453402804210782 59
1700552006846 19.25137044209987 60
1700552160513 17.548122223466635 61
1700552314163 17.18983286805451 62
1700552467779 20.15840702224523 63
1700552621408 18.469946860335767 64
1700552775091 16.732840853743255 65
1700552928764 16.684385768137872 66
1700553082396 15.539644980803132 67
1700553236021 16.167582122143358 68
1700553389703 27.12660613656044 69
1700553543386 18.224952740594745 70
1700553697130 16.63590235169977 71
1700553850855 20.973409874364734 72
1700554004578 19.191894844174385 73
1700554158270 19.25118044950068 74
1700554310478 16.28471819125116 75
1700554462274 14.419281406328082 76
1700554614074 15.303271415643394 77
1700554765819 14.314626718871295 78
1700554917559 20.007273479364812 79
1700555069301 14.902457078918815 80
1700555221040 14.811228363774717 81
1700555372752 13.923387591727078 82
1700555524598 18.13398322928697 83
1700555676373 14.694351205602288 84
1700555828103 13.3967015882954 85
1700555979838 12.88281695684418 86
1700556131658 12.672969925682992 87
1700556283421 15.147380883805454 88
1700556435163 39.6814030688256 89
1700556586921 18.682708050124347 90
1700556738705 18.78779610991478 91
1700556890492 15.191524816676974 92
1700557042287 15.193835974670947 93
1700557194082 15.152369564399123 94
1700557346008 13.17952145403251 95
1700557497827 18.226827703416348 96
1700557651292 19.168899226933718 97
1700557804995 13.398278831504285 98
1700557960236 13.327259453944862 99
