1700542815915 153.47949051856995 0
1700542967819 151.89650774002075 1
1700543119666 151.8395230770111 2
1700543271406 151.73221707344055 3
1700543423191 151.77724432945251 4
1700543574995 151.79725408554077 5
1700543726800 151.79734444618225 6
1700543878628 151.82104325294495 7
1700544030536 151.9000527858734 8
1700544182486 151.94271564483643 9
1700544334365 151.8718400001526 10
1700544486276 151.90283751487732 11
1700544638227 151.94362044334412 12
1700544790053 151.8176829814911 13
1700544941945 151.88437747955322 14
1700545093796 151.8440203666687 15
1700545245642 151.8385488986969 16
1700545397466 151.81604671478271 17
1700545549331 151.85759043693542 18
1700545701187 151.84939289093018 19
1700545853065 151.87064838409424 20
1700546004924 151.85155653953552 21
1700546157777 152.84481406211853 22
1700546311397 153.61339473724365 23
1700546465054 153.64904928207397 24
1700546618698 153.63615345954895 25
1700546772344 153.63810467720032 26
1700546925988 153.63617253303528 27
1700547079656 153.65998697280884 28
1700547233382 153.7186872959137 29
1700547387079 153.68937754631042 30
1700547540746 153.65933394432068 31
1700547694456 153.70287418365479 32
1700547848182 153.71865057945251 33
1700548001882 153.69248294830322 34
1700548155601 153.7121593952179 35
1700548309297 153.68843293190002 36
1700548463004 153.6991250514984 37
1700548616726 153.71404385566711 38
1700548770457 153.72373795509338 39
1700548924198 153.73386096954346 40
1700549077955 153.74884581565857 41
1700549231698 153.73549795150757 42
1700549385353 153.64713621139526 43
1700549539133 153.7725203037262 44
1700549692862 153.72089219093323 45
1700549846624 153.75477504730225 46
1700550005839 159.20719027519226 47
1700550159613 153.76625776290894 48
1700550313363 153.74341893196106 49
1700550469350 155.97897815704346 50
1700550623156 153.79827880859375 51
1700550776886 153.72188258171082 52
1700550930648 153.7548213005066 53
1700551084318 153.6618468761444 54
1700551238030 153.70541858673096 55
1700551391800 153.7624695301056 56
1700551545545 153.7366087436676 57
1700551699310 153.7570357322693 58
1700551853117 153.79911923408508 59
1700552006863 153.7380712032318 60
1700552160530 153.6584129333496 61
1700552314181 153.6435136795044 62
1700552467797 153.608740568161 63
1700552621426 153.62118244171143 64
1700552775109 153.6748149394989 65
1700552928782 153.66493463516235 66
1700553082413 153.62338852882385 67
1700553236038 153.61744785308838 68
1700553389721 153.67515397071838 69
1700553543404 153.67622327804565 70
1700553697148 153.73605227470398 71
1700553850874 153.7186586856842 72
1700554004596 153.714599609375 73
1700554158288 153.6844699382782 74
1700554310495 152.20019698143005 75
1700554462291 151.78849935531616 76
1700554614091 151.7923550605774 77
1700554765836 151.737398147583 78
1700554917578 151.73345470428467 79
1700555069318 151.73302555084229 80
1700555221057 151.73216891288757 81
1700555372770 151.7051453590393 82
1700555524615 151.8376431465149 83
1700555676391 151.76775574684143 84
1700555828120 151.72155213356018 85
1700555979855 151.72778415679932 86
1700556131676 151.8126187324524 87
1700556283438 151.75504446029663 88
1700556435182 151.735586643219 89
1700556586939 151.74953317642212 90
1700556738722 151.77619004249573 91
1700556890509 151.78027319908142 92
1700557042305 151.78842043876648 93
1700557194099 151.78781652450562 94
1700557346025 151.91817498207092 95
1700557497844 151.8114275932312 96
1700557651309 153.45746564865112 97
1700557805013 153.69703269004822 98
1700557960253 155.2321126461029 99
