1700542815907 5.075999736785889 0
1700542967811 10.821999549865723 1
1700543119659 14.239999771118164 2
1700543271398 16.760000228881836 3
1700543423183 19.163999557495117 4
1700543574988 21.43199920654297 5
1700543726792 23.760000228881836 6
1700543878620 26.02400016784668 7
1700544030529 28.549999237060547 8
1700544182479 30.661998748779297 9
1700544334358 32.90599822998047 10
1700544486268 35.013999938964844 11
1700544638220 37.099998474121094 12
1700544790045 39.57600021362305 13
1700544941938 41.76799774169922 14
1700545093789 43.77799987792969 15
1700545245635 45.77000045776367 16
1700545397458 47.91999816894531 17
1700545549323 50.38999938964844 18
1700545701180 52.694000244140625 19
1700545853057 55.0099983215332 20
1700546004917 57.215999603271484 21
1700546157769 59.48999786376953 22
1700546311390 62.019996643066406 23
1700546465047 64.6719970703125 24
1700546618690 67.58999633789062 25
1700546772336 69.81999969482422 26
1700546925980 72.41799926757812 27
1700547079648 75.3740005493164 28
1700547233375 78.20399475097656 29
1700547387072 81.08399963378906 30
1700547540738 83.4959945678711 31
1700547694449 86.0199966430664 32
1700547848173 88.15999603271484 33
1700548001873 90.56599426269531 34
1700548155594 92.64599609375 35
1700548309290 93.72999572753906 36
1700548462996 95.50399780273438 37
1700548616717 96.66799926757812 38
1700548770449 97.54999542236328 39
1700548924189 97.95999908447266 40
1700549077947 98.47000122070312 41
1700549231689 99.16799926757812 42
1700549385345 99.26399993896484 43
1700549539125 99.55999755859375 44
1700549692854 99.58599853515625 45
1700549846616 99.66799926757812 46
1700550005831 99.76200103759766 47
1700550159605 99.7979965209961 48
1700550313356 99.89999389648438 49
1700550469342 99.89399719238281 50
1700550623148 99.87799835205078 51
1700550776878 99.89199829101562 52
1700550930641 99.89599609375 53
1700551084309 99.87999725341797 54
1700551238022 99.93799591064453 55
1700551391793 99.93599700927734 56
1700551545537 99.86199951171875 57
1700551699302 99.947998046875 58
1700551853109 99.91799926757812 59
1700552006856 99.94999694824219 60
1700552160523 99.95199584960938 61
1700552314173 99.96399688720703 62
1700552467789 99.92399597167969 63
1700552621418 99.93000030517578 64
1700552775101 99.95600128173828 65
1700552928774 99.9419937133789 66
1700553082406 99.96599578857422 67
1700553236030 99.95800018310547 68
1700553389713 99.80400085449219 69
1700553543396 99.95600128173828 70
1700553697140 99.95600128173828 71
1700553850865 99.88199615478516 72
1700554004588 99.91799926757812 73
1700554158280 99.90799713134766 74
1700554310488 99.94599914550781 75
1700554462284 99.97000122070312 76
1700554614084 99.94400024414062 77
1700554765828 99.95199584960938 78
1700554917569 99.90799713134766 79
1700555069310 99.96399688720703 80
1700555221049 99.97000122070312 81
1700555372761 99.95600128173828 82
1700555524608 99.91799926757812 83
1700555676383 99.95399475097656 84
1700555828112 99.97599792480469 85
1700555979848 99.9739990234375 86
1700556131668 99.96399688720703 87
1700556283431 99.95999908447266 88
1700556435173 99.58399963378906 89
1700556586931 99.94599914550781 90
1700556738714 99.93199920654297 91
1700556890502 99.97200012207031 92
1700557042297 99.96199798583984 93
1700557194092 99.9679946899414 94
1700557346018 99.97200012207031 95
1700557497837 99.93999481201172 96
1700557651301 99.90999603271484 97
1700557805006 99.9679946899414 98
1700557960245 99.97000122070312 99
