1700300173773 3540.3281602859497 0
1700300524509 3426.4513959884644 1
1700300876347 3272.428166627884 2
1700301228196 3049.948084592819 3
1700301580051 2858.864625453949 4
1700301932694 2720.838109970093 5
1700302285395 2599.3807377815247 6
1700302637899 2490.431838274002 7
1700302989954 2392.6299345493317 8
1700303342157 2298.3061056137085 9
1700303694006 2210.4419734477997 10
1700304045760 2125.498924970627 11
1700304397556 2042.0237927436829 12
1700304749389 1962.4013975858688 13
1700305101409 1884.925303220749 14
1700305455907 1807.116625547409 15
1700305817182 1732.7563384771347 16
1700306170040 1666.4910534620285 17
1700306525515 1596.9389468431473 18
1700306878027 1534.1045979261398 19
1700307230299 1472.5385185480118 20
1700307582940 1413.0568627119064 21
1700307935299 1355.1977239847183 22
1700308287260 1294.4475136995316 23
1700308640305 1234.0220277309418 24
1700308993133 1173.495436668396 25
1700309347369 1121.3678077459335 26
1700309698508 1059.1279407143593 27
1700310049632 990.2757044434547 28
1700310401774 924.0819134712219 29
1700310762481 863.1491878628731 30
1700311126188 800.4287329912186 31
1700311499061 729.0898230671883 32
1700311869705 666.3222644329071 33
1700312222435 602.2935850322247 34
1700312575432 538.8622017204762 35
1700312928505 475.92894181609154 36
1700313280482 423.09880781173706 37
1700313633110 363.94976906478405 38
1700313985470 321.4475876390934 39
1700314337815 267.04559272527695 40
1700314690157 244.8700438886881 41
1700315042455 206.24744902551174 42
1700315394844 185.36425019055605 43
1700315747230 149.81065177172422 44
1700316099610 121.33449651300907 45
1700316451918 111.93963759019971 46
1700316804252 97.39150288514793 47
1700317156514 76.13512272387743 48
1700317508821 57.258227068930864 49
1700317861295 51.927158642560244 50
1700318213633 47.33222443424165 51
1700318565977 35.80908995028585 52
1700318918356 28.35899289790541 53
1700319270671 27.902746628038585 54
1700319623263 21.589414776768535 55
1700319976008 22.33041849406436 56
1700320328876 18.60948744416237 57
1700320681647 16.702347023412585 58
1700321034197 16.243918118532747 59
1700321386764 13.153305375948548 60
1700321739279 11.953483366407454 61
1700322091871 12.897596760187298 62
1700322444460 13.365306227700785 63
1700322797179 12.208040106575936 64
1700323149902 10.715016439557076 65
1700323502585 11.354655107250437 66
1700323855309 10.496302397921681 67
1700324207995 9.94852391956374 68
1700324560858 14.036061177961528 69
1700324914168 10.683525030501187 70
1700325266619 12.122427315916866 71
1700325618988 12.425439241342247 72
1700325971375 9.703686999157071 73
1700326323716 8.92340589268133 74
1700326676104 8.318986683618277 75
1700327028476 8.723672662395984 76
1700327380869 8.529256291687489 77
1700327733577 8.165685549844056 78
1700328086264 10.107210251037031 79
1700328438917 9.026744440197945 80
1700328791531 15.366541114170104 81
1700329144133 10.651391196995974 82
1700329496732 9.112163188867271 83
1700329849200 9.070047614630312 84
1700330201739 8.582589669153094 85
1700330554321 8.56737308204174 86
1700330906808 9.226081350352615 87
1700331259612 9.323309632949531 88
1700331611647 11.79611455462873 89
1700331963389 9.024626160040498 90
1700332315022 9.047209545969963 91
1700332666695 8.533925269264728 92
1700333019077 8.832547411322594 93
1700333370847 8.804404700640589 94
1700333722615 8.868036966770887 95
1700334074372 8.867997698951513 96
1700334426736 9.278834337368608 97
1700334779120 8.692569464910775 98
1700335131198 8.683204549830407 99
1700335483241 8.762466739397496 100
1700335835486 18.054952734149992 101
1700336188532 10.828463233541697 102
1700336541208 9.770478405524045 103
1700336893479 12.307103889063 104
1700337246076 10.94429941708222 105
1700337598640 9.163958421908319 106
1700337951241 8.995697934180498 107
1700338304065 8.99263789365068 108
1700338656736 11.6613455186598 109
1700339010072 9.417365275323391 110
1700339362614 9.269847406074405 111
1700339715173 9.090263090096414 112
1700340067846 17.23942143889144 113
1700340420518 12.60069774556905 114
1700340773200 9.793084429111332 115
1700341125472 12.386803035158664 116
1700341478418 10.958014722913504 117
1700341830779 9.854200697038323 118
1700342183322 8.974335650447756 119
1700342534796 9.59077932825312 120
1700342886285 367.7619226388633 121
1700343237789 267.16618199646473 122
1700343589243 98.23244533315301 123
1700343940683 35.79596832860261 124
1700344292088 16.981319271959364 125
1700344643605 11.821386143565178 126
1700344995108 10.577191836666316 127
1700345346704 10.875918023753911 128
1700345698314 10.48147889599204 129
1700346049880 9.833488351665437 130
1700346401471 12.318879617843777 131
1700346753101 7.98255372280255 132
1700347105351 7.587190643884242 133
1700347457824 7.537660320755094 134
1700347809751 7.359151096548885 135
1700348161748 7.189074955880642 136
1700348514578 7.694933126680553 137
1700348866183 7.594320083037019 138
1700349217813 7.549575102049857 139
1700349569442 7.261292326264083 140
1700349921537 8.027953098528087 141
1700350273843 7.441068551968783 142
1700350626051 7.409524821676314 143
1700350978274 7.5365828881040215 144
1700351330491 8.357675272971392 145
1700351682601 7.313533617183566 146
1700352035049 7.578486863989383 147
1700352387007 7.77275338023901 148
1700352738952 7.974649108015001 149
1700353091739 7.609736469108611 150
1700353444676 7.450867698993534 151
1700353797613 7.619611486326903 152
1700354150521 10.914620311930776 153
1700354503435 9.367237989790738 154
1700354856340 8.27283558435738 155
1700355209198 7.708115586079657 156
1700355562100 7.660952056758106 157
1700355914925 7.702640951611102 158
1700356267597 7.800744531676173 159
1700356619347 9.273730338085443 160
1700356970930 8.12630378222093 161
1700357322364 8.545293190516531 162
1700357673807 8.719851433765143 163
1700358025220 8.053846030961722 164
1700358376652 8.044024506118149 165
1700358728073 8.10563083505258 166
1700359079501 10.03831895114854 167
1700359430959 11.21154886111617 168
1700359782392 10.357349665369838 169
1700360134892 9.172269884031266 170
1700360487412 8.374024075455964 171
1700360839970 8.094073893968016 172
1700361192536 7.999464652501047 173
1700361545080 8.187050642911345 174
1700361897796 8.436585577204823 175
1700362250625 8.03761878516525 176
1700362603377 9.346828136127442 177
1700362955938 12.229794482700527 178
1700363308484 8.658632807899266 179
1700363661079 8.6336634112522 180
1700364013614 11.338867865968496 181
1700364366144 9.124170459341258 182
1700364718802 10.33993674395606 183
1700365071448 8.214014111086726 184
1700365424105 8.016519390046597 185
1700365776752 10.922986268997192 186
1700366129443 8.561454226728529 187
1700366482144 7.8753322353586555 188
1700366834827 8.039173020981252 189
1700367187489 7.970530110411346 190
1700367540240 8.434146116487682 191
1700367892832 15.155515554826707 192
1700368245296 8.444577632471919 193
1700368597711 8.647316806018353 194
1700368950656 8.227572165895253 195
1700369304226 15.258533739019185 196
1700369656939 22.530678505077958 197
1700370009443 13.778736700303853 198
1700370361978 10.562272456940264 199
