1700300173820 352.85140585899353 0
1700300524524 350.6970405578613 1
1700300876363 351.8316876888275 2
1700301228211 351.8411548137665 3
1700301580067 351.84754371643066 4
1700301932710 352.6356225013733 5
1700302285410 352.6932611465454 6
1700302637914 352.49705934524536 7
1700302989970 352.0480411052704 8
1700303342172 352.19545316696167 9
1700303694022 351.8429431915283 10
1700304045775 351.7454402446747 11
1700304397571 351.7890818119049 12
1700304749404 351.8258891105652 13
1700305101424 352.0121352672577 14
1700305455928 354.49685072898865 15
1700305817198 361.2608151435852 16
1700306170056 352.85143089294434 17
1700306525531 355.46821689605713 18
1700306878042 352.5040593147278 19
1700307230314 352.2646498680115 20
1700307582955 352.6335484981537 21
1700307935314 352.35218119621277 22
1700308287275 351.9540536403656 23
1700308640320 353.0374252796173 24
1700308993148 352.8206765651703 25
1700309347384 354.2288963794708 26
1700309698523 351.13154792785645 27
1700310049648 351.1176109313965 28
1700310401789 352.13455033302307 29
1700310762500 360.7029871940613 30
1700311126203 363.6955397129059 31
1700311499076 372.86569905281067 32
1700311869720 370.6361081600189 33
1700312222451 352.7234959602356 34
1700312575448 352.9900164604187 35
1700312928520 353.0656113624573 36
1700313280497 351.96920680999756 37
1700313633126 352.62175989151 38
1700313985485 352.3527491092682 39
1700314337831 352.3390517234802 40
1700314690173 352.3351266384125 41
1700315042470 352.2909507751465 42
1700315394859 352.3816890716553 43
1700315747245 352.3790669441223 44
1700316099626 352.3740756511688 45
1700316451934 352.3000900745392 46
1700316804268 352.32684683799744 47
1700317156530 352.25472712516785 48
1700317508836 352.2992367744446 49
1700317861310 352.46733236312866 50
1700318213648 352.33068346977234 51
1700318565992 352.33674359321594 52
1700318918372 352.3725142478943 53
1700319270686 352.30712151527405 54
1700319623278 352.5851180553436 55
1700319976024 352.73824191093445 56
1700320328892 352.8614809513092 57
1700320681663 352.76374101638794 58
1700321034212 352.542311668396 59
1700321386779 352.5603108406067 60
1700321739295 352.50811886787415 61
1700322091886 352.5843644142151 62
1700322444476 352.5820927619934 63
1700322797194 352.7113070487976 64
1700323149918 352.71637868881226 65
1700323502600 352.67553520202637 66
1700323855325 352.7173819541931 67
1700324208010 352.6790313720703 68
1700324560873 352.85569882392883 69
1700324914183 353.30266666412354 70
1700325266634 352.44371938705444 71
1700325619003 352.36151123046875 72
1700325971390 352.3799157142639 73
1700326323731 352.3334379196167 74
1700326676120 352.3812141418457 75
1700327028492 352.3647997379303 76
1700327380884 352.38507986068726 77
1700327733592 352.70138573646545 78
1700328086279 352.67971539497375 79
1700328438932 352.64600467681885 80
1700328791547 352.60778045654297 81
1700329144148 352.5936725139618 82
1700329496748 352.59268021583557 83
1700329849216 352.461389541626 84
1700330201755 352.5318784713745 85
1700330554337 352.57502150535583 86
1700330906822 352.4785010814667 87
1700331259627 352.7977225780487 88
1700331611663 352.0279076099396 89
1700331963404 351.7344448566437 90
1700332315037 351.6259729862213 91
1700332666711 351.6669592857361 92
1700333019093 352.3746099472046 93
1700333370864 351.76473665237427 94
1700333722630 351.7592329978943 95
1700334074388 351.74997997283936 96
1700334426752 352.3568592071533 97
1700334779135 352.3760116100311 98
1700335131213 352.07091426849365 99
1700335483256 352.03571128845215 100
1700335835501 352.2383654117584 101
1700336188547 353.0383052825928 102
1700336541224 352.669730424881 103
1700336893494 352.26304173469543 104
1700337246092 352.59052205085754 105
1700337598656 352.557204246521 106
1700337951256 352.5927486419678 107
1700338304080 352.8168001174927 108
1700338656752 352.6649842262268 109
1700339010088 353.3288974761963 110
1700339362629 352.5339047908783 111
1700339715188 352.5516378879547 112
1700340067861 352.6658191680908 113
1700340420533 352.6651556491852 114
1700340773216 352.67585706710815 115
1700341125487 352.2641382217407 116
1700341478434 352.93934321403503 117
1700341830795 352.35329699516296 118
1700342183338 352.5364279747009 119
1700342534811 351.46636271476746 120
1700342886300 351.481650352478 121
1700343237804 351.4972722530365 122
1700343589258 351.4462764263153 123
1700343940698 351.43284344673157 124
1700344292104 351.39817810058594 125
1700344643621 351.5097162723541 126
1700344995123 351.4953520298004 127
1700345346720 351.5892689228058 128
1700345698329 351.602397441864 129
1700346049895 351.55842566490173 130
1700346401486 351.58415126800537 131
1700346753116 351.6228485107422 132
1700347105367 352.243536233902 133
1700347457839 352.4649419784546 134
1700347809767 351.9204828739166 135
1700348161763 351.9890329837799 136
1700348514593 352.822726726532 137
1700348866199 351.59830713272095 138
1700349217828 351.622718334198 139
1700349569458 351.62240767478943 140
1700349921552 352.0867826938629 141
1700350273859 352.29961919784546 142
1700350626067 352.200647354126 143
1700350978289 352.2151792049408 144
1700351330506 352.2099084854126 145
1700351682615 352.1019067764282 146
1700352035064 352.4417014122009 147
1700352387022 351.9504702091217 148
1700352738967 351.93800926208496 149
1700353091754 352.7797758579254 150
1700353444692 352.93051767349243 151
1700353797629 352.9290738105774 152
1700354150536 352.9000985622406 153
1700354503450 352.90710616111755 154
1700354856355 352.8982632160187 155
1700355209213 352.8507876396179 156
1700355562115 352.8948426246643 157
1700355914941 352.8194386959076 158
1700356267612 352.6639940738678 159
1700356619362 351.74282479286194 160
1700356970945 351.575665473938 161
1700357322379 351.4269199371338 162
1700357673822 351.43615555763245 163
1700358025235 351.4058680534363 164
1700358376668 351.42526412010193 165
1700358728089 351.41380310058594 166
1700359079518 351.42179107666016 167
1700359430975 351.44969749450684 168
1700359782408 351.4267272949219 169
1700360134907 352.49169301986694 170
1700360487427 352.513897895813 171
1700360839985 352.55075097084045 172
1700361192551 352.5595519542694 173
1700361545096 352.53726506233215 174
1700361897811 352.7087457180023 175
1700362250640 352.8219382762909 176
1700362603393 352.74557161331177 177
1700362955954 352.55385756492615 178
1700363308499 352.53774213790894 179
1700363661094 352.5881235599518 180
1700364013630 352.5273766517639 181
1700364366159 352.5223813056946 182
1700364718817 352.6508107185364 183
1700365071464 352.6393163204193 184
1700365424120 352.6496033668518 185
1700365776767 352.64054679870605 186
1700366129458 352.6832666397095 187
1700366482159 352.69375252723694 188
1700366834842 352.6763904094696 189
1700367187504 352.6548800468445 190
1700367540254 352.74325466156006 191
1700367892846 352.5843629837036 192
1700368245311 352.4573152065277 193
1700368597726 352.4083344936371 194
1700368950674 352.94134283065796 195
1700369304241 353.55811285972595 196
1700369656954 352.706077337265 197
1700370009458 352.49625396728516 198
1700370361993 352.5282247066498 199
