1700300173813 1.9539999961853027 0
1700300524517 4.63599967956543 1
1700300876355 7.633999824523926 2
1700301228204 10.699999809265137 3
1700301580059 14.167999267578125 4
1700301932702 17.035999298095703 5
1700302285403 19.54399871826172 6
1700302637907 22.18199920654297 7
1700302989962 24.355998992919922 8
1700303342165 26.538000106811523 9
1700303694014 28.56399917602539 10
1700304045768 31.03999900817871 11
1700304397564 33.24399948120117 12
1700304749397 35.13800048828125 13
1700305101417 36.95399856567383 14
1700305455917 39.374000549316406 15
1700305817190 41.321998596191406 16
1700306170048 43.0359992980957 17
1700306525523 45.077999114990234 18
1700306878035 46.685997009277344 19
1700307230307 48.801998138427734 20
1700307582948 50.44599914550781 21
1700307935307 52.163997650146484 22
1700308287268 54.071998596191406 23
1700308640313 55.74799728393555 24
1700308993141 57.64399719238281 25
1700309347377 59.27199935913086 26
1700309698516 61.22599792480469 27
1700310049640 63.60599899291992 28
1700310401782 65.41199493408203 29
1700310762490 67.92599487304688 30
1700311126196 69.53199768066406 31
1700311499069 72.39199829101562 32
1700311869713 74.4939956665039 33
1700312222443 77.15599822998047 34
1700312575440 79.51799774169922 35
1700312928513 82.0479965209961 36
1700313280490 84.0999984741211 37
1700313633118 86.68999481201172 38
1700313985478 88.47799682617188 39
1700314337823 90.69999694824219 40
1700314690165 91.37999725341797 41
1700315042463 92.9939956665039 42
1700315394852 93.68199920654297 43
1700315747238 95.31199645996094 44
1700316099618 96.43199920654297 45
1700316451926 96.72200012207031 46
1700316804260 97.31399536132812 47
1700317156522 98.10399627685547 48
1700317508829 98.75999450683594 49
1700317861303 98.95399475097656 50
1700318213641 99.06999969482422 51
1700318565985 99.44400024414062 52
1700318918364 99.64999389648438 53
1700319270679 99.62999725341797 54
1700319623271 99.7760009765625 55
1700319976016 99.75999450683594 56
1700320328885 99.85599517822266 57
1700320681655 99.87199401855469 58
1700321034205 99.85799407958984 59
1700321386772 99.91199493408203 60
1700321739287 99.9419937133789 61
1700322091879 99.91799926757812 62
1700322444468 99.9219970703125 63
1700322797187 99.91799926757812 64
1700323149910 99.947998046875 65
1700323502593 99.93000030517578 66
1700323855317 99.95199584960938 67
1700324208003 99.95800018310547 68
1700324560866 99.89599609375 69
1700324914176 99.95999908447266 70
1700325266627 99.93599700927734 71
1700325618996 99.91600036621094 72
1700325971383 99.947998046875 73
1700326323724 99.96599578857422 74
1700326676112 99.97200012207031 75
1700327028484 99.97000122070312 76
1700327380877 99.96199798583984 77
1700327733585 99.97599792480469 78
1700328086272 99.95999908447266 79
1700328438925 99.96199798583984 80
1700328791540 99.89799499511719 81
1700329144141 99.95800018310547 82
1700329496740 99.97200012207031 83
1700329849208 99.96599578857422 84
1700330201747 99.9739990234375 85
1700330554329 99.96599578857422 86
1700330906816 99.95999908447266 87
1700331259620 99.96399688720703 88
1700331611655 99.95999908447266 89
1700331963397 99.95999908447266 90
1700332315030 99.97200012207031 91
1700332666703 99.9739990234375 92
1700333019085 99.96199798583984 93
1700333370855 99.9679946899414 94
1700333722623 99.97200012207031 95
1700334074380 99.9739990234375 96
1700334426745 99.9679946899414 97
1700334779128 99.95999908447266 98
1700335131206 99.97200012207031 99
1700335483248 99.9739990234375 100
1700335835494 99.87799835205078 101
1700336188540 99.95800018310547 102
1700336541216 99.9739990234375 103
1700336893487 99.95600128173828 104
1700337246084 99.93799591064453 105
1700337598648 99.96599578857422 106
1700337951249 99.97000122070312 107
1700338304072 99.9679946899414 108
1700338656744 99.95399475097656 109
1700339010080 99.9679946899414 110
1700339362622 99.97000122070312 111
1700339715180 99.97799682617188 112
1700340067854 99.87199401855469 113
1700340420526 99.95199584960938 114
1700340773209 99.96599578857422 115
1700341125480 99.94599914550781 116
1700341478426 99.95199584960938 117
1700341830787 99.95800018310547 118
1700342183331 99.97200012207031 119
1700342534804 99.96399688720703 120
1700342886293 86.96399688720703 121
1700343237797 91.3740005493164 122
1700343589250 98.03799438476562 123
1700343940691 99.72200012207031 124
1700344292096 99.93999481201172 125
1700344643613 99.97000122070312 126
1700344995116 99.96399688720703 127
1700345346712 99.9679946899414 128
1700345698322 99.96599578857422 129
1700346049888 99.96599578857422 130
1700346401479 99.93999481201172 131
1700346753108 99.97799682617188 132
1700347105359 99.98199462890625 133
1700347457831 99.9739990234375 134
1700347809759 99.97599792480469 135
1700348161756 99.97599792480469 136
1700348514586 99.96599578857422 137
1700348866191 99.9739990234375 138
1700349217821 99.9679946899414 139
1700349569450 99.97599792480469 140
1700349921545 99.96199798583984 141
1700350273851 99.96599578857422 142
1700350626059 99.97200012207031 143
1700350978282 99.96199798583984 144
1700351330499 99.96399688720703 145
1700351682608 99.97200012207031 146
1700352035057 99.9739990234375 147
1700352387015 99.97599792480469 148
1700352738960 99.9739990234375 149
1700353091747 99.9739990234375 150
1700353444684 99.97200012207031 151
1700353797621 99.97599792480469 152
1700354150529 99.94999694824219 153
1700354503443 99.9739990234375 154
1700354856348 99.97000122070312 155
1700355209206 99.97799682617188 156
1700355562108 99.97000122070312 157
1700355914933 99.97200012207031 158
1700356267605 99.9739990234375 159
1700356619355 99.97200012207031 160
1700356970938 99.9739990234375 161
1700357322372 99.97599792480469 162
1700357673815 99.97200012207031 163
1700358025228 99.97599792480469 164
1700358376660 99.97599792480469 165
1700358728081 99.97200012207031 166
1700359079510 99.95199584960938 167
1700359430967 99.94999694824219 168
1700359782400 99.95800018310547 169
1700360134900 99.95800018310547 170
1700360487420 99.97599792480469 171
1700360839978 99.9739990234375 172
1700361192544 99.97200012207031 173
1700361545088 99.97999572753906 174
1700361897804 99.97000122070312 175
1700362250633 99.97200012207031 176
1700362603386 99.97200012207031 177
1700362955947 99.94400024414062 178
1700363308492 99.97599792480469 179
1700363661087 99.97200012207031 180
1700364013622 99.96399688720703 181
1700364366152 99.9679946899414 182
1700364718810 99.96599578857422 183
1700365071456 99.97200012207031 184
1700365424113 99.97999572753906 185
1700365776760 99.95999908447266 186
1700366129451 99.97000122070312 187
1700366482151 99.9739990234375 188
1700366834835 99.9739990234375 189
1700367187497 99.9739990234375 190
1700367540248 99.96599578857422 191
1700367892840 99.90399932861328 192
1700368245303 99.97799682617188 193
1700368597719 99.9679946899414 194
1700368950666 99.97000122070312 195
1700369304234 99.91600036621094 196
1700369656947 99.83599853515625 197
1700370009451 99.93799591064453 198
1700370361986 99.94599914550781 199
