1700415062284 902.726948261261 0
1700415204187 889.0713686943054 1
1700415347136 879.9111261367798 2
1700415488185 873.5495910644531 3
1700415629101 865.3356852531433 4
1700415770582 857.6094207763672 5
1700415914460 846.4962725639343 6
1700416057109 833.4760594367981 7
1700416201377 819.5107235908508 8
1700416347256 805.9516110420227 9
1700416495423 792.7681841850281 10
1700416636496 778.5597851276398 11
1700416777024 764.9743609428406 12
1700416923530 751.1600520610809 13
1700417065629 740.6164886951447 14
1700417206702 728.6384782791138 15
1700417348889 713.8684523105621 16
1700417489705 703.7098603248596 17
1700417630045 695.9647455215454 18
1700417772837 684.0848851203918 19
1700417915061 676.0778994560242 20
1700418057635 664.723963022232 21
1700418198361 659.1578824520111 22
1700418341270 646.2043254375458 23
1700418481553 641.9734671115875 24
1700418623543 632.1386613845825 25
1700418763560 621.4204308986664 26
1700418901626 615.7399215698242 27
1700419042883 607.3868923187256 28
1700419188053 600.7452702522278 29
1700419328906 595.2086851596832 30
1700419469805 583.5312776565552 31
1700419612063 577.9491853713989 32
1700419754845 566.603609085083 33
1700419893264 563.8179469108582 34
1700420034370 553.4950909614563 35
1700420176973 546.1541223526001 36
1700420319116 544.0126614570618 37
1700420461795 533.8545501232147 38
1700420602415 526.5402963161469 39
1700420745212 520.5393035411835 40
1700420888238 512.890876531601 41
1700421028480 503.9580000638962 42
1700421171393 497.59458231925964 43
1700421314495 498.14951276779175 44
1700421455668 486.50104689598083 45
1700421597772 475.213659286499 46
1700421742077 475.46702563762665 47
1700421883642 466.61293745040894 48
1700422027116 462.4571475982666 49
1700422169005 456.11275911331177 50
1700422311051 448.92329597473145 51
1700422461749 443.1184551715851 52
1700422602815 432.1192227602005 53
1700422743666 426.1257621049881 54
1700422884011 425.0389915704727 55
1700423023619 416.8942060470581 56
1700423162019 410.0279920101166 57
1700423301426 403.2407568693161 58
1700423441326 395.4948182106018 59
1700423580140 388.85181975364685 60
1700423722097 381.18183970451355 61
1700423863490 378.0250688791275 62
1700424001953 373.4775860309601 63
1700424141954 359.8439122438431 64
1700424281911 357.87167859077454 65
1700424422673 347.5963318347931 66
1700424564000 344.50086975097656 67
1700424705294 337.268545627594 68
1700424845592 330.382527589798 69
1700424988193 322.32353234291077 70
1700425129471 314.2150683403015 71
1700425270773 307.04044234752655 72
1700425413009 301.875226020813 73
1700425553742 290.9737688302994 74
1700425696993 281.72376334667206 75
1700425835355 278.10804414749146 76
1700425977534 263.4507523179054 77
1700426118997 259.2857599258423 78
1700426261187 252.67054045200348 79
1700426402451 244.5818480849266 80
1700426542649 238.34445983171463 81
1700426684898 227.55403965711594 82
1700426824289 219.36049300432205 83
1700426963517 211.41964322328568 84
1700427105082 202.0532404780388 85
1700427246995 198.94178557395935 86
1700427388674 183.5764161348343 87
1700427530209 173.57316529750824 88
1700427670753 169.49526989459991 89
1700427813814 157.44998472929 90
1700427956248 155.17874670028687 91
1700428098029 143.09369415044785 92
1700428237524 134.75044405460358 93
1700428380202 125.11556074023247 94
1700428521394 123.25546285510063 95
1700428665370 114.40376365184784 96
1700428806857 107.88733875751495 97
1700428948180 104.52354225516319 98
1700429088461 96.22141775488853 99
