1700415062348 142.992178440094 0
1700415204220 141.8624460697174 1
1700415347161 142.9240837097168 2
1700415488204 141.03509998321533 3
1700415629139 140.9252061843872 4
1700415770630 141.47317743301392 5
1700415914488 143.84669041633606 6
1700416057133 142.62913632392883 7
1700416201396 144.24832582473755 8
1700416347279 145.87635135650635 9
1700416495452 148.16419649124146 10
1700416636520 141.0547535419464 11
1700416777052 140.5126302242279 12
1700416923549 146.48430132865906 13
1700417065649 142.09009885787964 14
1700417206721 141.0645251274109 15
1700417348920 142.18987488746643 16
1700417489730 140.79937648773193 17
1700417630074 140.3346655368805 18
1700417772863 142.77611470222473 19
1700417915090 142.21036219596863 20
1700418057669 142.56508660316467 21
1700418198380 140.7017273902893 22
1700418341295 142.90638637542725 23
1700418481580 140.27214789390564 24
1700418623562 141.97271251678467 25
1700418763582 140.01169657707214 26
1700418901655 138.06382393836975 27
1700419042915 141.24856233596802 28
1700419188081 145.15339732170105 29
1700419328926 140.83136200904846 30
1700419469834 140.89911198616028 31
1700419612092 142.24796652793884 32
1700419754873 142.77273535728455 33
1700419893293 138.41013956069946 34
1700420034388 141.08246445655823 35
1700420176998 142.60093212127686 36
1700420319139 142.12773180007935 37
1700420461823 142.6701681613922 38
1700420602462 140.6252543926239 39
1700420745241 142.76822352409363 40
1700420888257 143.0062804222107 41
1700421028499 140.23274207115173 42
1700421171415 142.90700769424438 43
1700421314541 143.11784982681274 44
1700421455724 141.16847157478333 45
1700421597790 142.0564467906952 46
1700421742096 144.2973551750183 47
1700421883662 141.5566484928131 48
1700422027143 143.47183108329773 49
1700422169042 141.88967370986938 50
1700422311072 142.02146434783936 51
1700422461776 150.69506406784058 52
1700422602834 141.03921103477478 53
1700422743702 140.85851168632507 54
1700422884078 140.36376190185547 55
1700423023639 139.5517656803131 56
1700423162055 138.40747928619385 57
1700423301442 139.37778329849243 58
1700423441346 139.89584493637085 59
1700423580161 138.80599856376648 60
1700423722116 141.9414575099945 61
1700423863515 141.3897271156311 62
1700424001971 138.44255566596985 63
1700424141981 139.999831199646 64
1700424281939 139.94475197792053 65
1700424422717 140.76839900016785 66
1700424564029 141.29790806770325 67
1700424705313 141.27222061157227 68
1700424845621 140.29904127120972 69
1700424988218 142.58327794075012 70
1700425129499 141.27233910560608 71
1700425270792 141.2840702533722 72
1700425413032 142.23068356513977 73
1700425553770 140.7264814376831 74
1700425697023 143.24381113052368 75
1700425835370 138.33363366127014 76
1700425977561 142.18403363227844 77
1700426119028 141.45818543434143 78
1700426261224 142.18273949623108 79
1700426402471 141.23588180541992 80
1700426542676 140.19549369812012 81
1700426684941 142.25592136383057 82
1700426824314 139.3541100025177 83
1700426963554 139.2245705127716 84
1700427105100 141.53285479545593 85
1700427247014 141.90585708618164 86
1700427388693 141.66966080665588 87
1700427530243 141.54161024093628 88
1700427670788 140.53590846061707 89
1700427813840 143.04065442085266 90
1700427956284 142.42809581756592 91
1700428098048 141.74887657165527 92
1700428237542 139.48528051376343 93
1700428380222 142.66714119911194 94
1700428521432 141.20194482803345 95
1700428665423 143.9779121875763 96
1700428806890 141.4536828994751 97
1700428948199 141.29485845565796 98
1700429088479 140.27159214019775 99
