1700415062339 1.1679999828338623 0
1700415204204 1.7120000123977661 1
1700415347149 2.3279998302459717 2
1700415488195 3.383999824523926 3
1700415629120 4.552000045776367 4
1700415770606 5.343999862670898 5
1700415914472 5.6479997634887695 6
1700416057121 6.175999641418457 7
1700416201388 7.455999851226807 8
1700416347267 8.4399995803833 9
1700416495438 8.663999557495117 10
1700416636506 9.687999725341797 11
1700416777039 10.639999389648438 12
1700416923540 11.559999465942383 13
1700417065639 12.071999549865723 14
1700417206712 13.184000015258789 15
1700417348905 14.24799919128418 16
1700417489721 15.191999435424805 17
1700417630060 15.935999870300293 18
1700417772850 17.08799934387207 19
1700417915079 17.472000122070312 20
1700418057652 18.743999481201172 21
1700418198371 19.27199935913086 22
1700418341283 20.288000106811523 23
1700418481568 20.439998626708984 24
1700418623553 21.607999801635742 25
1700418763572 22.719999313354492 26
1700418901641 23.17599868774414 27
1700419042897 23.703998565673828 28
1700419188068 24.423999786376953 29
1700419328917 24.911998748779297 30
1700419469825 26.49599838256836 31
1700419612082 26.711999893188477 32
1700419754861 27.303998947143555 33
1700419893279 27.76799964904785 34
1700420034379 29.02400016784668 35
1700420176987 29.479999542236328 36
1700420319127 30.047998428344727 37
1700420461809 31.263999938964844 38
1700420602442 30.97599983215332 39
1700420745227 32.38399887084961 40
1700420888248 32.9119987487793 41
1700421028490 33.71999740600586 42
1700421171406 34.327999114990234 43
1700421314523 34.47999954223633 44
1700421455703 35.295997619628906 45
1700421597781 37.15999984741211 46
1700421742087 37.31999969482422 47
1700421883653 37.91999816894531 48
1700422027131 38.20800018310547 49
1700422169029 39.215999603271484 50
1700422311063 40.167999267578125 51
1700422461762 40.12799835205078 52
1700422602825 41.327999114990234 53
1700422743690 42.007999420166016 54
1700422884066 42.36000061035156 55
1700423023630 42.992000579833984 56
1700423162046 44.231998443603516 57
1700423301435 44.567996978759766 58
1700423441336 44.95199966430664 59
1700423580150 46.736000061035156 60
1700423722107 47.42399978637695 61
1700423863501 47.65599822998047 62
1700424001963 47.92799758911133 63
1700424141968 49.455997467041016 64
1700424281926 49.9119987487793 65
1700424422701 50.86399841308594 66
1700424564020 51.71999740600586 67
1700424705304 51.9119987487793 68
1700424845607 52.75199890136719 69
1700424988209 54.14399719238281 70
1700425129487 54.79999923706055 71
1700425270783 56.055999755859375 72
1700425413021 56.2239990234375 73
1700425553761 57.92799758911133 74
1700425697009 59.007999420166016 75
1700425835363 59.31999969482422 76
1700425977545 61.391998291015625 77
1700426119014 61.14399719238281 78
1700426261207 62.567996978759766 79
1700426402462 64.46399688720703 80
1700426542667 64.63999938964844 81
1700426684922 66.33599853515625 82
1700426824304 67.55999755859375 83
1700426963541 68.91199493408203 84
1700427105091 70.11199951171875 85
1700427247005 70.46399688720703 86
1700427388683 73.05599975585938 87
1700427530226 74.57599639892578 88
1700427670771 74.7760009765625 89
1700427813829 76.79999542236328 90
1700427956268 77.11199951171875 91
1700428098039 78.61599731445312 92
1700428237533 80.26399993896484 93
1700428380213 81.79199981689453 94
1700428521419 82.18399810791016 95
1700428665410 83.98400115966797 96
1700428806873 84.93599700927734 97
1700428948190 85.343994140625 98
1700429088470 86.6240005493164 99
