1700585577166 1183.5847091674805 0
1700585673036 1121.8961749076843 1
1700585769561 1082.7566154003143 2
1700585866055 1049.6973812580109 3
1700585963972 1022.8016850948334 4
1700586058319 999.1105463504791 5
1700586153251 974.9135432243347 6
1700586253243 955.4482057094574 7
1700586351582 939.7194998264313 8
1700586445677 918.0773410797119 9
1700586543509 904.2009992599487 10
1700586641908 890.7777738571167 11
1700586739405 872.9066898822784 12
1700586836399 863.6929459571838 13
1700586931094 851.7243525981903 14
1700587027502 833.4586775302887 15
1700587125076 825.8209767341614 16
1700587224908 812.6987771987915 17
1700587316860 799.4585392475128 18
1700587414277 786.591203212738 19
1700587508211 773.2997019290924 20
1700587602752 751.9478259086609 21
1700587699105 746.8346033096313 22
1700587794774 728.4746053218842 23
1700587894073 719.132232427597 24
1700587991744 706.3288054466248 25
1700588090067 694.703145980835 26
1700588188130 680.4984238147736 27
1700588285576 672.1314616203308 28
1700588382124 662.8065752983093 29
1700588477302 652.276890039444 30
1700588573677 633.5862964391708 31
1700588670817 623.1885877847672 32
1700588771667 611.2365734577179 33
1700588867848 601.1974061727524 34
1700588962715 593.9238351583481 35
1700589056985 580.3429883718491 36
1700589151559 566.2823121547699 37
1700589249004 555.9884058237076 38
1700589348244 546.6433892250061 39
1700589447271 536.53502202034 40
1700589544169 522.0768519639969 41
1700589637570 516.3498094081879 42
1700589733546 494.17014944553375 43
1700589830472 492.08459186553955 44
1700589924463 476.8324316740036 45
1700590024289 465.45127499103546 46
1700590122330 456.92788779735565 47
1700590220957 443.82515823841095 48
1700590317962 433.32122325897217 49
1700590417010 420.76652908325195 50
1700590515546 412.11596298217773 51
1700590614130 396.7339380979538 52
1700590707623 382.8276981115341 53
1700590805318 371.0674258470535 54
1700590901856 359.40230613946915 55
1700590998606 346.62698221206665 56
1700591094633 332.724296271801 57
1700591192674 319.6068968772888 58
1700591289627 309.086281478405 59
1700591383460 295.6642374396324 60
1700591483990 281.6108266711235 61
1700591580024 272.806318461895 62
1700591678588 262.6153873205185 63
1700591777075 246.45799213647842 64
