1700585577279 98.37490653991699 0
1700585673065 95.7764060497284 1
1700585769588 96.5136935710907 2
1700585866075 96.47163534164429 3
1700585963991 97.90699124336243 4
1700586058367 94.36894607543945 5
1700586153278 94.89254236221313 6
1700586253272 99.98022294044495 7
1700586351602 98.31658840179443 8
1700586445697 94.08582639694214 9
1700586543529 97.82319664955139 10
1700586641928 98.3892469406128 11
1700586739428 97.49161148071289 12
1700586836429 96.98880100250244 13
1700586931114 94.67191314697266 14
1700587027522 96.3981785774231 15
1700587125119 97.58825850486755 16
1700587224927 99.78800773620605 17
1700587316905 91.9685480594635 18
1700587414300 97.38386392593384 19
1700587508231 93.92254948616028 20
1700587602795 94.55438423156738 21
1700587699125 96.3153920173645 22
1700587794802 95.66676545143127 23
1700587894098 99.28415966033936 24
1700587991778 97.66696643829346 25
1700588090087 98.29713273048401 26
1700588188159 98.06295609474182 27
1700588285595 97.42239117622375 28
1700588382166 96.56140971183777 29
1700588477331 95.15157198905945 30
1700588573706 96.36117053031921 31
1700588670836 97.11668419837952 32
1700588771686 100.8407392501831 33
1700588867884 96.18573260307312 34
1700588962744 94.84865140914917 35
1700589057036 94.27871298789978 36
1700589151601 94.54138588905334 37
1700589249033 97.41579484939575 38
1700589348264 99.21735501289368 39
1700589447291 99.01825737953186 40
1700589544189 96.88777327537537 41
1700589637590 93.39170861244202 42
1700589733575 95.97565746307373 43
1700589830492 96.90790128707886 44
1700589924496 93.99143433570862 45
1700590024322 99.81300187110901 46
1700590122365 98.02817988395691 47
1700590220987 98.60834312438965 48
1700590317992 96.99183773994446 49
1700590417029 99.02346467971802 50
1700590515566 98.52752494812012 51
1700590614162 98.58676218986511 52
1700590707654 93.47683525085449 53
1700590805339 97.6719000339508 54
1700590901876 96.52830410003662 55
1700590998635 96.74984574317932 56
1700591094652 96.00490427017212 57
1700591192703 98.04164409637451 58
1700591289659 96.94231057167053 59
1700591383493 93.8186845779419 60
1700591484011 100.50762176513672 61
1700591580045 96.0240204334259 62
1700591678632 98.57802724838257 63
1700591777096 98.43522572517395 64
