1700585577267 3.0479390621185303 0
1700585673053 6.575868606567383 1
1700585769577 8.513830184936523 2
1700585866066 10.355792999267578 3
1700585963983 11.669767379760742 4
1700586058348 12.683746337890625 5
1700586153264 13.97372055053711 6
1700586253258 14.837703704833984 7
1700586351593 15.749685287475586 8
1700586445687 17.25565528869629 9
1700586543520 17.843643188476562 10
1700586641918 18.61162757873535 11
1700586739415 20.435592651367188 12
1700586836414 20.867582321166992 13
1700586931105 21.83356475830078 14
1700587027512 22.81154441833496 15
1700587125098 23.5615291595459 16
1700587224918 24.83350372314453 17
1700587316887 25.51749038696289 18
1700587414287 26.189476013183594 19
1700587508221 27.107458114624023 20
1700587602778 28.505430221557617 21
1700587699115 28.889423370361328 22
1700587794786 30.515390396118164 23
1700587894086 31.103378295898438 24
1700587991761 31.979360580444336 25
1700588090077 33.50933074951172 26
1700588188146 33.88732147216797 27
1700588285586 34.48731231689453 28
1700588382149 35.093299865722656 29
1700588477317 36.19127655029297 30
1700588573693 38.10523986816406 31
1700588670827 38.49523162841797 32
1700588771677 39.143218994140625 33
1700588867868 40.46919250488281 34
1700588962730 40.9971809387207 35
1700589057012 42.49114990234375 36
1700589151583 43.52313232421875 37
1700589249019 44.30911636352539 38
1700589348255 44.609107971191406 39
1700589447282 45.389095306396484 40
1700589544179 46.86506271362305 41
1700589637580 47.41705322265625 42
1700589733562 50.20699691772461 43
1700589830482 49.99100112915039 44
1700589924484 51.61697006225586 45
1700590024306 52.61894989013672 46
1700590122352 53.308937072753906 47
1700590220973 54.66490936279297 48
1700590317978 55.76288604736328 49
1700590417020 56.566871643066406 50
1700590515557 57.71284866333008 51
1700590614147 59.206817626953125 52
1700590707642 60.21479797363281 53
1700590805329 61.60076904296875 54
1700590901867 62.884742736816406 55
1700590998623 64.38471221923828 56
1700591094643 65.95068359375 57
1700591192692 67.19865417480469 58
1700591289644 68.254638671875 59
1700591383483 69.94060516357422 60
1700591484001 71.4345703125 61
1700591580035 72.3945541381836 62
1700591678612 73.8105239868164 63
1700591777086 75.37649536132812 64
