1700399710271 1195.4978704452515 0
1700399862697 1173.238609790802 1
1700400013585 1163.5812339782715 2
1700400164380 1153.0662746429443 3
1700400315226 1141.76207113266 4
1700400466491 1125.4848346710205 5
1700400618474 1103.2700519561768 6
1700400769420 1078.440990447998 7
1700400922065 1054.4051656723022 8
1700401081925 1024.93133187294 9
1700401233187 1004.781332731247 10
1700401420462 982.2251477241516 11
1700401569929 960.6944999694824 12
1700401727505 946.0855579376221 13
1700401917155 927.6237146854401 14
1700402068139 908.0680949687958 15
1700402259017 898.5989854335785 16
1700402429320 883.0554506778717 17
1700402592265 870.2632310390472 18
1700402743986 854.291876077652 19
1700402894971 840.9987099170685 20
1700403045851 820.2687051296234 21
1700403196959 813.9559690952301 22
1700403348450 797.8346018791199 23
1700403499363 785.5200862884521 24
1700403651882 770.8359537124634 25
1700403801713 761.7668912410736 26
1700403951262 749.1668813228607 27
1700404103376 739.4990825653076 28
1700404254920 727.6801402568817 29
1700404405278 716.4150538444519 30
1700404556656 701.4787328243256 31
1700404709441 687.0642845630646 32
1700404861571 677.589230298996 33
1700405013484 664.4654221534729 34
1700405164325 657.4518377780914 35
1700405316040 643.4718556404114 36
1700405468587 629.1309297084808 37
1700405618784 618.4900830984116 38
1700405771512 605.9073188304901 39
1700405923950 597.8393051624298 40
1700406075214 584.3608424663544 41
1700406226840 580.0853672027588 42
1700406378872 557.2939503192902 43
1700406527599 555.7437111139297 44
1700406678085 542.0654096603394 45
1700406830827 530.3436381816864 46
1700406981890 522.1261752843857 47
1700407133139 511.24226343631744 48
1700407285144 499.9449601173401 49
1700407436840 488.42518532276154 50
1700407588154 483.76780474185944 51
1700407739381 464.8624299764633 52
1700407890834 454.83779752254486 53
1700408043165 445.4421510696411 54
1700408193895 432.43176770210266 55
1700408345928 421.4857325553894 56
1700408497504 406.56372690200806 57
1700408648393 396.3019286394119 58
1700408799109 387.1360205411911 59
1700408951329 372.1465048789978 60
1700409101170 362.1246477365494 61
1700409252123 350.7178102135658 62
1700409403879 338.8167993426323 63
1700409555539 322.9072000980377 64
1700409706194 310.239554643631 65
1700409857816 296.9769440293312 66
1700410009236 285.0864055156708 67
1700410160468 269.5718642473221 68
1700410311181 253.6842787861824 69
1700410461888 234.56985384225845 70
1700410611174 227.95310753583908 71
1700410762015 218.83546739816666 72
1700410913371 201.46827119588852 73
1700411063634 191.45985406637192 74
1700411215234 179.6047246158123 75
1700411366036 158.9944050014019 76
1700411517950 155.2445411980152 77
1700411669191 146.75017908215523 78
1700411819800 131.40286618471146 79
1700411970881 124.35325086116791 80
1700412121604 115.41465699672699 81
1700412276768 103.46140810847282 82
1700412429457 93.58015877008438 83
1700412583016 86.01514020562172 84
1700412750921 85.24062734097242 85
1700412925818 76.06661105155945 86
1700413085242 69.32350281625986 87
1700413237898 65.42567898333073 88
1700413388628 60.119665928184986 89
1700413541687 53.002395905554295 90
1700413693613 55.074553832411766 91
1700413846065 47.72970671951771 92
1700413998044 43.472806330770254 93
1700414149774 39.94665655493736 94
1700414301572 33.975444324314594 95
1700414452179 31.890018347650766 96
1700414605421 29.299138322472572 97
1700414757228 31.21558204293251 98
1700414906845 31.119923681020737 99
