1700399710324 153.017329454422 0
1700399862716 152.38249325752258 1
1700400013604 150.87948036193848 2
1700400164394 150.781334400177 3
1700400315244 150.84258723258972 4
1700400466513 151.26008081436157 5
1700400618494 151.97269773483276 6
1700400769438 150.93576741218567 7
1700400922089 152.64231300354004 8
1700401081944 159.8458960056305 9
1700401233207 151.25399017333984 10
1700401420476 187.261066198349 11
1700401569949 149.46561479568481 12
1700401727523 157.56277012825012 13
1700401917175 189.64349102973938 14
1700402068157 150.97305130958557 15
1700402259037 190.87288355827332 16
1700402429367 170.31608533859253 17
1700402592288 162.90415048599243 18
1700402744005 151.70447063446045 19
1700402894986 150.97270846366882 20
1700403045865 150.8715102672577 21
1700403196977 151.10596871376038 22
1700403348465 151.47927856445312 23
1700403499382 150.9097990989685 24
1700403651902 152.51100182533264 25
1700403801732 149.82143902778625 26
1700403951283 149.54319977760315 27
1700404103391 152.09927487373352 28
1700404254938 151.53777360916138 29
1700404405296 150.3499298095703 30
1700404556675 151.3717565536499 31
1700404709460 152.77691316604614 32
1700404861599 152.13114762306213 33
1700405013503 151.89556789398193 34
1700405164341 150.82832860946655 35
1700405316058 151.7107288837433 36
1700405468601 152.53442358970642 37
1700405618803 150.19564700126648 38
1700405771545 152.73303484916687 39
1700405923974 152.42026829719543 40
1700406075229 151.24590945243835 41
1700406226859 151.6222062110901 42
1700406378892 152.02556681632996 43
1700406527617 148.71582102775574 44
1700406678106 150.48002576828003 45
1700406830851 152.73673677444458 46
1700406981908 151.0498445034027 47
1700407133158 151.2414894104004 48
1700407285161 151.99451088905334 49
1700407436858 151.68849396705627 50
1700407588170 151.3040952682495 51
1700407739406 151.22976803779602 52
1700407890852 151.43691062927246 53
1700408043185 152.3242883682251 54
1700408193917 150.72313404083252 55
1700408345946 152.01945877075195 56
1700408497523 151.5683994293213 57
1700408648407 150.87544870376587 58
1700408799125 150.71058654785156 59
1700408951348 152.216135263443 60
1700409101189 149.83132815361023 61
1700409252141 150.94349002838135 62
1700409403897 151.74900770187378 63
1700409555557 151.65109419822693 64
1700409706212 150.64779472351074 65
1700409857833 151.611878156662 66
1700410009255 151.4143340587616 67
1700410160485 151.22154188156128 68
1700410311201 150.7065191268921 69
1700410461907 150.69842171669006 70
1700410611190 149.27418112754822 71
1700410762034 150.83736991882324 72
1700410913388 151.34540581703186 73
1700411063653 150.25627160072327 74
1700411215254 151.59222507476807 75
1700411366055 150.79139876365662 76
1700411517969 151.90747809410095 77
1700411669208 151.23074340820312 78
1700411819819 150.6038954257965 79
1700411970900 151.07255673408508 80
1700412121622 150.71284675598145 81
1700412276788 155.1570122241974 82
1700412429472 152.67516493797302 83
1700412583036 153.55712389945984 84
1700412751321 168.27493500709534 85
1700412926051 174.723548412323 86
1700413085266 159.2065417766571 87
1700413237915 152.64073657989502 88
1700413388647 150.72232723236084 89
1700413541706 153.05245423316956 90
1700413693627 151.91219210624695 91
1700413846087 152.45293402671814 92
1700413998058 151.96258449554443 93
1700414149793 151.72775793075562 94
1700414301590 151.78827333450317 95
1700414452197 150.59669184684753 96
1700414605440 153.23399376869202 97
1700414757244 151.7948935031891 98
1700414906860 149.60911321640015 99
