1700399710316 1.3139737844467163 0
1700399862707 1.9679607152938843 1
1700400013595 3.0299394130706787 2
1700400164388 4.121917724609375 3
1700400315236 5.1598968505859375 4
1700400466504 6.233875274658203 5
1700400618484 7.247855186462402 6
1700400769430 8.597827911376953 7
1700400922081 9.173816680908203 8
1700401081935 10.991780281066895 9
1700401233197 11.801764488220215 10
1700401420469 12.605748176574707 11
1700401569940 14.483710289001465 12
1700401727515 14.705706596374512 13
1700401917165 15.887682914733887 14
1700402068149 17.1236572265625 15
1700402259027 17.819644927978516 16
1700402429348 18.72562599182129 17
1700402592277 19.32561492919922 18
1700402743996 21.167577743530273 19
1700402894979 21.701566696166992 20
1700403045858 23.57952880859375 21
1700403196969 23.753524780273438 22
1700403348459 25.145498275756836 23
1700403499372 25.49349021911621 24
1700403651893 26.549468994140625 25
1700403801723 27.30545425415039 26
1700403951275 28.067440032958984 27
1700404103384 28.817424774169922 28
1700404254929 29.73540687561035 29
1700404405288 30.56938934326172 30
1700404556666 32.09935760498047 31
1700404709451 32.747344970703125 32
1700404861590 33.215335845947266 33
1700405013494 34.72130584716797 34
1700405164334 34.745304107666016 35
1700405316050 35.783287048339844 36
1700405468594 37.51124954223633 37
1700405618793 38.34523391723633 38
1700405771537 39.1372184753418 39
1700405923965 39.90520477294922 40
1700406075222 40.86518478393555 41
1700406226850 40.973182678222656 42
1700406378882 43.02513885498047 43
1700406527608 43.04314041137695 44
1700406678097 44.129119873046875 45
1700406830844 45.14909744262695 46
1700406981899 46.343074798583984 47
1700407133149 46.919063568115234 48
1700407285153 47.99904251098633 49
1700407436850 48.58702850341797 50
1700407588163 49.085018157958984 51
1700407739396 51.07698059082031 52
1700407890844 52.04296112060547 53
1700408043176 52.750946044921875 54
1700408193907 53.99892044067383 55
1700408345938 55.21089553833008 56
1700408497514 55.948883056640625 57
1700408648401 57.526851654052734 58
1700408799117 57.946842193603516 59
1700408951339 59.01482009887695 60
1700409101180 60.51478958129883 61
1700409252133 61.48677062988281 62
1700409403888 62.932743072509766 63
1700409555549 64.36671447753906 64
1700409706204 65.47669219970703 65
1700409857826 66.9526596069336 66
1700410009246 68.59662628173828 67
1700410160477 69.98860168457031 68
1700410311193 71.48857116699219 69
1700410461898 74.02651977539062 70
1700410611183 74.6205062866211 71
1700410762025 75.32249450683594 72
1700410913380 77.80644226074219 73
1700411063644 79.26441955566406 74
1700411215244 80.31439208984375 75
1700411366048 82.91834259033203 76
1700411517960 83.1463394165039 77
1700411669201 84.25032043457031 78
1700411819809 86.18228149414062 79
1700411970890 86.47027587890625 80
1700412121613 87.9222412109375 81
1700412276778 89.56021118164062 82
1700412429464 90.77819061279297 83
1700412583027 91.85816192626953 84
1700412751314 91.44417572021484 85
1700412926041 92.69214630126953 86
1700413085256 93.8081283569336 87
1700413237907 94.1981201171875 88
1700413388638 94.81610870361328 89
1700413541697 95.6620864868164 90
1700413693620 95.152099609375 91
1700413846075 96.13607788085938 92
1700413998052 96.44807434082031 93
1700414149784 96.88006591796875 94
1700414301581 97.57005310058594 95
1700414452189 97.63604736328125 96
1700414605431 98.0440444946289 97
1700414757237 97.58805084228516 98
1700414906853 97.84004211425781 99
