1700576208322 1751.4600005149841 0
1700576301403 1637.2128055095673 1
1700576395166 1571.5688428878784 2
1700576488604 1515.9617774486542 3
1700576582588 1464.9207832813263 4
1700576676129 1422.1024360656738 5
1700576770024 1385.4487771987915 6
1700576863733 1352.7745056152344 7
1700576957572 1313.825041770935 8
1700577051496 1286.0746734142303 9
1700577144918 1254.641574382782 10
1700577238420 1222.7657108306885 11
1700577331616 1196.6483380794525 12
1700577425315 1167.8083448410034 13
1700577519590 1137.223786354065 14
1700577613403 1112.887941122055 15
1700577706819 1076.5617349147797 16
1700577800220 1053.5262672901154 17
1700577893546 1024.8875005245209 18
1700577987075 999.9480228424072 19
1700578080215 975.0020220279694 20
1700578173831 947.4829425811768 21
1700578266979 926.799910068512 22
1700578360572 899.2223016023636 23
1700578453932 882.6911578178406 24
1700578546759 855.317151427269 25
1700578639702 832.9276534318924 26
1700578733026 807.8561557531357 27
1700578826972 793.0332216024399 28
1700578920177 766.5403550863266 29
1700579013952 744.7039343118668 30
1700579107765 723.6938059329987 31
1700579200830 697.4126858711243 32
1700579294168 673.8261598348618 33
1700579387678 653.9914119243622 34
1700579481279 627.7135239839554 35
1700579574046 606.0961365699768 36
1700579667663 586.0223714113235 37
1700579761196 559.0404380559921 38
1700579854330 528.7959881424904 39
1700579947494 505.3751189112663 40
1700580040850 478.61980307102203 41
1700580134346 456.3468225002289 42
1700580227844 434.9589909315109 43
1700580320834 409.4846593737602 44
1700580414353 378.4457320570946 45
1700580507843 360.1373362541199 46
1700580601322 334.2079090476036 47
1700580694824 314.6579226255417 48
1700580787677 291.21855586767197 49
1700580880970 270.4015913903713 50
1700580974551 247.36932468414307 51
1700581068396 228.71005037426949 52
1700581162216 209.03828182816505 53
1700581255926 187.61620730161667 54
1700581349604 169.80030576884747 55
1700581443066 154.86309917271137 56
1700581535942 146.37126956880093 57
1700581629177 126.46385318040848 58
1700581722225 113.29727366566658 59
1700581815623 102.78621082007885 60
1700581909747 90.64489664137363 61
1700582003113 87.52852287888527 62
1700582096728 74.36121137440205 63
1700582190060 69.33029641956091 64
1700582283995 61.80012471228838 65
1700582377234 57.99078814685345 66
1700582470926 53.22013125568628 67
1700582564305 49.34307399392128 68
1700582657799 44.52985302358866 69
1700582751358 42.50091767683625 70
1700582845135 34.99396999925375 71
1700582938698 35.53313934057951 72
1700583031586 33.95220792479813 73
1700583124799 33.11858864873648 74
1700583218200 29.51742290891707 75
1700583312244 27.83872983418405 76
1700583405968 27.62938824854791 77
1700583499094 24.208235874772072 78
1700583592910 22.88799238577485 79
1700583686499 22.728237003087997 80
1700583779632 20.242164243012667 81
1700583872830 19.252283779904246 82
1700583965809 18.840198198333383 83
1700584058854 19.001926915720105 84
1700584152120 19.165818328037858 85
1700584245006 19.175286702811718 86
1700584338737 17.949804924428463 87
1700584431605 16.696790305897593 88
1700584524876 16.342645805329084 89
1700584617934 15.542664143256843 90
1700584711263 15.014010311104357 91
1700584804443 15.633643306791782 92
1700584897497 14.02010737452656 93
1700584990370 12.592990446835756 94
1700585083584 13.437238820828497 95
1700585176812 12.644486702978611 96
1700585270712 12.922877864912152 97
1700585363675 11.793101337738335 98
1700585457081 12.394930399022996 99
