1700576208387 94.61692571640015 0
1700576301422 93.02581262588501 1
1700576395186 93.75490641593933 2
1700576488626 93.43068337440491 3
1700576582609 93.97387194633484 4
1700576676150 93.53239703178406 5
1700576770044 93.88337397575378 6
1700576863753 93.70085024833679 7
1700576957592 93.82923865318298 8
1700577051515 93.91480565071106 9
1700577144938 93.41377353668213 10
1700577238440 93.49249577522278 11
1700577331635 93.1865963935852 12
1700577425336 93.69142866134644 13
1700577519609 94.263906955719 14
1700577613423 93.80471754074097 15
1700577706839 93.40669918060303 16
1700577800241 93.39342713356018 17
1700577893566 93.31623101234436 18
1700577987095 93.51927304267883 19
1700578080237 93.1328992843628 20
1700578173851 93.60519289970398 21
1700578266999 93.13779640197754 22
1700578360592 93.58423805236816 23
1700578453952 93.35145616531372 24
1700578546780 92.81792187690735 25
1700578639723 92.93262696266174 26
1700578733045 93.31282782554626 27
1700578826992 93.93762516975403 28
1700578920197 93.19583702087402 29
1700579013972 93.76694416999817 30
1700579107784 93.80277800559998 31
1700579200850 93.0562515258789 32
1700579294189 93.33092045783997 33
1700579387698 93.49980020523071 34
1700579481298 93.59098148345947 35
1700579574066 92.75824689865112 36
1700579667682 93.6076226234436 37
1700579761215 93.52376508712769 38
1700579854352 93.1281270980835 39
1700579947516 93.15355682373047 40
1700580040869 93.34323287010193 41
1700580134366 93.48772764205933 42
1700580227865 93.48997902870178 43
1700580320856 92.98152780532837 44
1700580414372 93.50710201263428 45
1700580507863 93.48142290115356 46
1700580601341 93.46933078765869 47
1700580694846 93.49613738059998 48
1700580787699 92.8429822921753 49
1700580880991 93.2819561958313 50
1700580974572 93.56968998908997 51
1700581068415 93.8336865901947 52
1700581162236 93.8120014667511 53
1700581255948 93.70130252838135 54
1700581349625 93.66773176193237 55
1700581443086 93.45033168792725 56
1700581535962 92.8675684928894 57
1700581629197 93.22577428817749 58
1700581722247 93.04136443138123 59
1700581815644 93.38696575164795 60
1700581909767 94.11423563957214 61
1700582003133 93.35605835914612 62
1700582096748 93.60614085197449 63
1700582190080 93.32242679595947 64
1700582284015 93.9262707233429 65
1700582377254 93.23060727119446 66
1700582470947 93.68371415138245 67
1700582564324 93.36707663536072 68
1700582657818 93.4853036403656 69
1700582751377 93.55013227462769 70
1700582845156 93.76954364776611 71
1700582938718 93.55205821990967 72
1700583031606 92.87940382957458 73
1700583124819 93.20274782180786 74
1700583218221 93.39295983314514 75
1700583312264 94.03406977653503 76
1700583405987 93.71383047103882 77
1700583499115 93.11840915679932 78
1700583592931 93.80559015274048 79
1700583686519 93.57808637619019 80
1700583779657 93.12968873977661 81
1700583872851 93.18476867675781 82
1700583965829 92.9684636592865 83
1700584058875 93.03549671173096 84
1700584152139 93.25564575195312 85
1700584245027 92.87860894203186 86
1700584338756 93.71949696540833 87
1700584431626 92.8605444431305 88
1700584524896 93.26087689399719 89
1700584617954 93.04781746864319 90
1700584711283 93.31928896903992 91
1700584804462 93.17061686515808 92
1700584897517 93.0460615158081 93
1700584990390 92.86367440223694 94
1700585083603 93.2043559551239 95
1700585176832 93.21896362304688 96
1700585270731 93.8904037475586 97
1700585363694 92.95352077484131 98
1700585457101 93.39805674552917 99
