1700576208378 3.755999803543091 0
1700576301413 7.175999641418457 1
1700576395176 10.303999900817871 2
1700576488616 12.323999404907227 3
1700576582599 13.891999244689941 4
1700576676140 15.447999954223633 5
1700576770034 16.527999877929688 6
1700576863744 17.88800048828125 7
1700576957582 19.571998596191406 8
1700577051507 21.15199851989746 9
1700577144929 22.67599868774414 10
1700577238431 24.3439998626709 11
1700577331626 25.472000122070312 12
1700577425326 26.915998458862305 13
1700577519600 28.29199981689453 14
1700577613414 29.5 15
1700577706830 31.288000106811523 16
1700577800232 32.439998626708984 17
1700577893557 33.56800079345703 18
1700577987086 34.93199920654297 19
1700578080226 36.51599884033203 20
1700578173842 37.795997619628906 21
1700578266990 38.86399841308594 22
1700578360583 40.20000076293945 23
1700578453942 41.28799819946289 24
1700578546770 42.624000549316406 25
1700578639712 44.071998596191406 26
1700578733036 45.36800003051758 27
1700578826982 46.3120002746582 28
1700578920187 47.87199783325195 29
1700579013963 49.343997955322266 30
1700579107775 50.823997497558594 31
1700579200840 52.10799789428711 32
1700579294179 53.711997985839844 33
1700579387689 55.211997985839844 34
1700579481289 56.95199966430664 35
1700579574057 58.019996643066406 36
1700579667673 59.46799850463867 37
1700579761206 61.54800033569336 38
1700579854341 63.56399917602539 39
1700579947505 65.19999694824219 40
1700580040860 67.21599578857422 41
1700580134356 68.60800170898438 42
1700580227855 70.33999633789062 43
1700580320845 72.15999603271484 44
1700580414363 74.61199951171875 45
1700580507853 75.67599487304688 46
1700580601332 78.10399627685547 47
1700580694835 79.43599700927734 48
1700580787689 81.54399871826172 49
1700580880981 83.23600006103516 50
1700580974562 84.5719985961914 51
1700581068406 86.0719985961914 52
1700581162227 87.69999694824219 53
1700581255937 89.35599517822266 54
1700581349615 91.01200103759766 55
1700581443076 92.1240005493164 56
1700581535953 92.50799560546875 57
1700581629187 94.01599884033203 58
1700581722236 95.09600067138672 59
1700581815633 95.81999969482422 60
1700581909758 96.6240005493164 61
1700582003124 96.60799407958984 62
1700582096739 97.58399963378906 63
1700582190070 97.78399658203125 64
1700582284005 98.2719955444336 65
1700582377244 98.25199890136719 66
1700582470936 98.5719985961914 67
1700582564315 98.73199462890625 68
1700582657809 98.95600128173828 69
1700582751368 99.0479965209961 70
1700582845146 99.37199401855469 71
1700582938709 99.33599853515625 72
1700583031596 99.30400085449219 73
1700583124809 99.40399932861328 74
1700583218210 99.54399871826172 75
1700583312254 99.5719985961914 76
1700583405978 99.5199966430664 77
1700583499105 99.68799591064453 78
1700583592921 99.68000030517578 79
1700583686509 99.66399383544922 80
1700583779645 99.7719955444336 81
1700583872841 99.80799865722656 82
1700583965819 99.76799774169922 83
1700584058866 99.8479995727539 84
1700584152130 99.71199798583984 85
1700584245017 99.68799591064453 86
1700584338747 99.75999450683594 87
1700584431616 99.79999542236328 88
1700584524886 99.86000061035156 89
1700584617945 99.82799530029297 90
1700584711274 99.87199401855469 91
1700584804453 99.8239974975586 92
1700584897508 99.89599609375 93
1700584990380 99.86399841308594 94
1700585083593 99.86000061035156 95
1700585176823 99.89599609375 96
1700585270722 99.90399932861328 97
1700585363685 99.91199493408203 98
1700585457092 99.89199829101562 99
