1700632976484 892.7487215995789 0
1700633078746 855.305061340332 1
1700633186581 840.5202674865723 2
1700633291176 823.3363471031189 3
1700633397657 799.8985993862152 4
1700633503649 783.5940325260162 5
1700633605129 764.0782895088196 6
1700633709877 749.8351225852966 7
1700633813298 730.6944041252136 8
1700633919084 718.1722593307495 9
1700634024746 709.3355839252472 10
1700634130131 698.3421244621277 11
1700634235525 689.0802848339081 12
1700634342633 678.0545127391815 13
1700634449178 671.6262724399567 14
1700634550978 664.9165744781494 15
1700634655505 653.3498589992523 16
1700634759033 644.469776391983 17
1700634863554 639.6376397609711 18
1700634970252 630.9836657047272 19
1700635078473 624.3173220157623 20
1700635183216 614.7370982170105 21
1700635287991 609.3411622047424 22
1700635393212 595.018874168396 23
1700635499273 592.791540145874 24
1700635601485 582.1788687705994 25
1700635701632 570.9601647853851 26
1700635803912 565.758579492569 27
1700635910190 559.0277676582336 28
1700636014042 552.392715215683 29
1700636118246 545.0141658782959 30
1700636226491 535.896675825119 31
1700636328487 527.2743191719055 32
1700636434845 518.311048746109 33
1700636539825 514.211172580719 34
1700636646947 506.4814341068268 35
1700636746556 497.9423850774765 36
1700636848590 493.4996943473816 37
1700636953130 487.31886315345764 38
1700637060608 478.1469843387604 39
1700637167139 471.9003179073334 40
1700637270952 463.5913531780243 41
1700637378225 453.65921914577484 42
1700637483266 450.12312853336334 43
1700637586328 446.9784908294678 44
1700637695667 435.5288521051407 45
1700637802497 426.851634144783 46
1700637909414 425.92992556095123 47
1700638013299 419.0643904209137 48
1700638115733 410.0907553434372 49
1700638223123 404.32042503356934 50
1700638328282 395.697553396225 51
1700638434313 389.88609290122986 52
1700638542180 381.1128053665161 53
1700638646260 370.6106331348419 54
1700638749992 369.37624883651733 55
1700638853814 360.54484617710114 56
1700638959264 356.4237085580826 57
1700639066343 344.6332310438156 58
1700639167063 338.2363796234131 59
1700639271768 329.1634020805359 60
1700639377042 317.8436634540558 61
1700639478206 315.40733325481415 62
1700639581738 308.6687858104706 63
1700639685057 297.79993522167206 64
1700639787321 291.7314872741699 65
1700639890288 279.7580156326294 66
1700639996793 272.23404186964035 67
1700640101724 266.45496797561646 68
1700640203987 258.1317335963249 69
1700640303410 251.7763209939003 70
1700640410341 241.16565811634064 71
1700640517034 234.4670177102089 72
1700640623047 227.3801799416542 73
1700640728131 219.11975169181824 74
1700640831949 210.41080290079117 75
1700640937513 206.31040614843369 76
1700641041941 193.430341899395 77
1700641146638 189.6892152428627 78
1700641249972 182.48698318004608 79
1700641358842 174.56024706363678 80
1700641463293 168.11476254463196 81
1700641569830 159.36128675937653 82
1700641679168 152.87490916252136 83
1700641783954 145.07570108771324 84
1700641884025 141.09639456868172 85
1700641989771 135.44919312000275 86
1700642096407 126.58045247197151 87
1700642199977 119.27484074234962 88
1700642303855 114.79976469278336 89
1700642407104 109.26070892810822 90
1700642516976 105.3412047624588 91
1700642621913 98.96941801905632 92
1700642724680 95.86824542284012 93
1700642829255 87.81379818916321 94
1700642931193 87.35233151912689 95
1700643037851 79.76873970031738 96
1700643144091 77.08327427506447 97
1700643246013 73.7288286536932 98
1700643346931 70.94633363187313 99
