1700632976560 106.85150361061096 0
1700633078784 102.21483993530273 1
1700633186618 107.81896471977234 2
1700633291212 104.5841269493103 3
1700633397690 106.46557116508484 4
1700633503693 105.98839569091797 5
1700633605169 101.45724415779114 6
1700633709910 104.7251706123352 7
1700633813328 103.40890336036682 8
1700633919110 105.76928544044495 9
1700634024766 105.6419928073883 10
1700634130178 105.4030978679657 11
1700634235563 105.37593746185303 12
1700634342669 107.0903811454773 13
1700634449218 106.53564357757568 14
1700634551018 101.78538107872009 15
1700634655537 104.50928139686584 16
1700634759069 103.51893758773804 17
1700634863587 104.50290584564209 18
1700634970294 106.69221472740173 19
1700635078493 108.18502712249756 20
1700635183242 104.73980045318604 21
1700635288030 104.77474164962769 22
1700635393247 105.20635461807251 23
1700635499296 106.03625559806824 24
1700635601518 102.2080500125885 25
1700635701651 100.11840415000916 26
1700635803969 102.30794358253479 27
1700635910216 106.22361755371094 28
1700636014085 103.8514416217804 29
1700636118274 104.1752769947052 30
1700636226511 108.21728444099426 31
1700636328517 101.99644708633423 32
1700636434865 106.33578634262085 33
1700636539842 104.96827173233032 34
1700636646999 107.14839506149292 35
1700636746591 99.56837630271912 36
1700636848624 102.01730060577393 37
1700636953148 104.50906896591187 38
1700637060627 107.46967434883118 39
1700637167179 106.54260349273682 40
1700637270972 103.77898073196411 41
1700637378251 107.2697446346283 42
1700637483286 105.02147245407104 43
1700637586352 103.05665469169617 44
1700637695704 109.33657884597778 45
1700637802518 106.80470967292786 46
1700637909444 106.91584920883179 47
1700638013328 103.87057423591614 48
1700638115777 102.43580675125122 49
1700638223153 107.35291147232056 50
1700638328305 105.13973665237427 51
1700638434333 106.01706218719482 52
1700638542200 107.85838913917542 53
1700638646280 104.0705132484436 54
1700638750012 103.72293400764465 55
1700638853837 103.81547546386719 56
1700638959307 105.46132135391235 57
1700639066376 107.05105018615723 58
1700639167100 100.7074613571167 59
1700639271788 104.67312335968018 60
1700639377071 105.27358078956604 61
1700639478231 101.14568161964417 62
1700639581764 103.52163052558899 63
1700639685082 103.30806517601013 64
1700639787355 102.26135516166687 65
1700639890317 102.9503710269928 66
1700639996812 106.4811282157898 67
1700640101776 104.95452380180359 68
1700640204044 102.24986338615417 69
1700640303442 99.38762545585632 70
1700640410371 106.9195306301117 71
1700640517080 106.69545459747314 72
1700640623067 105.9660394191742 73
1700640728160 105.08420467376709 74
1700640831999 103.82388377189636 75
1700640937542 105.53118658065796 76
1700641041966 104.41078066825867 77
1700641146675 104.69746947288513 78
1700641249997 103.30818676948547 79
1700641358864 108.85670351982117 80
1700641463313 104.44037461280823 81
1700641569850 106.52736473083496 82
1700641679207 109.34749102592468 83
1700641783975 104.75431942939758 84
1700641884049 100.06208324432373 85
1700641989805 105.74324440956116 86
1700642096442 106.62452292442322 87
1700642200014 103.5630874633789 88
1700642303874 103.85070037841797 89
1700642407124 103.2405297756195 90
1700642516996 109.86263537406921 91
1700642621950 104.9417815208435 92
1700642724728 102.76043725013733 93
1700642829284 104.53339529037476 94
1700642931228 101.93067359924316 95
1700643037872 106.63446426391602 96
1700643144115 106.23146891593933 97
1700643246039 101.90843057632446 98
1700643346959 100.90574884414673 99
