1700632976551 2.4639999866485596 0
1700633078767 5.351999759674072 1
1700633186606 6.567999839782715 2
1700633291195 8.199999809265137 3
1700633397673 9.639999389648438 4
1700633503674 10.447999954223633 5
1700633605154 11.32800006866455 6
1700633709900 11.880000114440918 7
1700633813313 13.255999565124512 8
1700633919097 14.535999298095703 9
1700634024757 15.06399917602539 10
1700634130156 16.079999923706055 11
1700634235548 16.99199867248535 12
1700634342653 17.90399932861328 13
1700634449204 18.215999603271484 14
1700634551002 18.784000396728516 15
1700634655524 20.007999420166016 16
1700634759053 20.743999481201172 17
1700634863571 21.615999221801758 18
1700634970280 22.18400001525879 19
1700635078484 22.783998489379883 20
1700635183228 23.831998825073242 21
1700635288013 24.143999099731445 22
1700635393230 25.799999237060547 23
1700635499283 25.615999221801758 24
1700635601502 26.823999404907227 25
1700635701642 27.727998733520508 26
1700635803944 28.31999969482422 27
1700635910206 29.19999885559082 28
1700636014071 29.711999893188477 29
1700636118257 30.911998748779297 30
1700636226502 31.472000122070312 31
1700636328503 32.5359992980957 32
1700636434856 33.119998931884766 33
1700636539835 33.784000396728516 34
1700636646976 34.455997467041016 35
1700636746574 35.31999969482422 36
1700636848608 35.47999954223633 37
1700636953138 36.49599838256836 38
1700637060618 36.4640007019043 39
1700637167162 37.944000244140625 40
1700637270962 38.959999084472656 41
1700637378237 40.0 42
1700637483277 40.19199752807617 43
1700637586338 41.09600067138672 44
1700637695693 42.27199935913086 45
1700637802508 43.407997131347656 46
1700637909430 43.19199752807617 47
1700638013314 43.47999954223633 48
1700638115762 44.935997009277344 49
1700638223135 45.91999816894531 50
1700638328296 46.39999771118164 51
1700638434323 46.64799880981445 52
1700638542191 48.6879997253418 53
1700638646270 50.31999969482422 54
1700638750002 49.935997009277344 55
1700638853826 50.935997009277344 56
1700638959288 51.279998779296875 57
1700639066359 52.60799789428711 58
1700639167084 53.27199935913086 59
1700639271779 55.327999114990234 60
1700639377057 56.59199905395508 61
1700639478217 56.375999450683594 62
1700639581754 57.95199966430664 63
1700639685070 58.736000061035156 64
1700639787338 60.42399978637695 65
1700639890303 61.663997650146484 66
1700639996803 62.6719970703125 67
1700640101753 62.83199691772461 68
1700640204028 64.97599792480469 69
1700640303428 65.447998046875 70
1700640410356 67.02400207519531 71
1700640517058 68.04000091552734 72
1700640623057 69.00799560546875 73
1700640728146 70.51200103759766 74
1700640831974 71.93599700927734 75
1700640937528 72.2719955444336 76
1700641041952 74.26399993896484 77
1700641146662 75.58399963378906 78
1700641249987 76.13600158691406 79
1700641358853 77.2959976196289 80
1700641463303 78.30400085449219 81
1700641569841 79.5999984741211 82
1700641679192 80.93599700927734 83
1700641783964 81.63199615478516 84
1700641884036 82.46399688720703 85
1700641989788 83.47999572753906 86
1700642096433 84.72799682617188 87
1700642199999 86.33599853515625 88
1700642303865 86.79199981689453 89
1700642407114 87.5199966430664 90
1700642516986 88.36799621582031 91
1700642621933 89.24800109863281 92
1700642724707 89.40799713134766 93
1700642829270 90.8239974975586 94
1700642931219 90.8239974975586 95
1700643037861 92.17599487304688 96
1700643144101 91.95199584960938 97
1700643246028 92.70399475097656 98
1700643346943 93.3759994506836 99
