1700560876994 3390.1354656219482 0
1700561029180 3079.340306997299 1
1700561181389 2881.706372976303 2
1700561333606 2739.649708509445 3
1700561486572 2628.440986633301 4
1700561639673 2526.8879985809326 5
1700561791404 2419.376800060272 6
1700561944268 2319.163521051407 7
1700562097898 2218.9816036224365 8
1700562251618 2124.655517101288 9
1700562405290 2040.9375879764557 10
1700562558968 1955.469302535057 11
1700562712671 1874.9960308074951 12
1700562866240 1793.2104631662369 13
1700563019890 1718.5556814670563 14
1700563173574 1641.118726015091 15
1700563327284 1562.563299536705 16
1700563480858 1495.6672548055649 17
1700563634475 1420.8785345554352 18
1700563788095 1345.415326476097 19
1700563941717 1280.5361672639847 20
1700564095336 1201.1635060310364 21
1700564248922 1131.7281197309494 22
1700564402468 1050.862696647644 23
1700564556076 979.2069048285484 24
1700564709772 899.2567610144615 25
1700564863279 827.1675166487694 26
1700565017516 753.3291416168213 27
1700565171047 675.0040708184242 28
1700565324689 597.0988966524601 29
1700565478368 532.1035251915455 30
1700565632073 464.9401951432228 31
1700565785646 402.9942364394665 32
1700565939306 349.3616744875908 33
1700566092967 290.49034279584885 34
1700566246556 250.70272800326347 35
1700566400168 208.25953203439713 36
1700566553763 168.44121599197388 37
1700566707437 138.02619364112616 38
1700566861087 120.97685018181801 39
1700567014836 93.57221620902419 40
1700567168386 81.10082645714283 41
1700567321961 64.18875341489911 42
1700567475564 54.745387280359864 43
1700567629323 49.04969522356987 44
1700567782961 47.4249103423208 45
1700567936658 41.593344766646624 46
1700568090359 35.75883918814361 47
1700568244855 30.49676368944347 48
1700568398560 27.478002218529582 49
1700568552244 27.883151549845934 50
1700568705907 25.991453800350428 51
1700568859594 26.040312354452908 52
1700569013218 24.229398041032255 53
1700569166915 29.247405455447733 54
1700569320637 22.12272480595857 55
1700569474364 21.58352839946747 56
1700569628107 21.77882059570402 57
1700569781821 20.432679682970047 58
1700569935538 21.595304174348712 59
1700570089295 19.680628567002714 60
1700570243012 16.43293013703078 61
1700570396774 17.53532093204558 62
1700570550494 20.12139951530844 63
1700570704225 18.307657376863062 64
1700570857927 16.272559756413102 65
1700571011591 15.830076802056283 66
1700571165296 15.9257901199162 67
1700571319012 15.208340434357524 68
1700571472701 20.8718218235299 69
1700571626421 16.073950100690126 70
1700571780221 16.567339967004955 71
1700571934002 16.270169712603092 72
1700572087691 14.901953244581819 73
1700572241443 15.457899396307766 74
1700572395243 17.37565897870809 75
1700572548999 15.44742725417018 76
1700572702826 14.28975929133594 77
1700572856605 15.096518686972558 78
1700573010385 22.515895296819508 79
1700573164188 16.75554310809821 80
1700573317949 20.128675968386233 81
1700573471702 14.822579968720675 82
1700573625487 15.629107465036213 83
1700573779293 14.175200718455017 84
1700573933062 13.483356760814786 85
1700574086867 14.200086128897965 86
1700574240625 13.500702262856066 87
1700574394397 13.859704745467752 88
1700574548164 93.1232309229672 89
1700574701995 40.949863735586405 90
1700574855804 24.179027129895985 91
1700575009671 17.216443954966962 92
1700575163484 17.478041623719037 93
1700575317300 15.031937843188643 94
1700575471072 13.226648991461843 95
1700575624824 13.656480327248573 96
1700575778544 15.596129168756306 97
1700575932312 12.778248807881027 98
1700576086059 12.203330393880606 99
