1700560877043 153.85319566726685 0
1700561029196 152.14590072631836 1
1700561181405 152.20146942138672 2
1700561333622 152.2096836566925 3
1700561486589 152.95992922782898 4
1700561639691 153.09352207183838 5
1700561791422 151.72393083572388 6
1700561944286 152.8565788269043 7
1700562097916 153.62204670906067 8
1700562251635 153.7123260498047 9
1700562405308 153.66492772102356 10
1700562558986 153.66995120048523 11
1700562712689 153.69645857810974 12
1700562866258 153.56152153015137 13
1700563019907 153.64158463478088 14
1700563173592 153.67642521858215 15
1700563327302 153.70206785202026 16
1700563480876 153.56740856170654 17
1700563634493 153.6091697216034 18
1700563788114 153.61332535743713 19
1700563941735 153.6130747795105 20
1700564095354 153.6107087135315 21
1700564248940 153.57890439033508 22
1700564402486 153.53809142112732 23
1700564556095 153.60197019577026 24
1700564709790 153.68778681755066 25
1700564863297 153.49899458885193 26
1700565017533 154.22909140586853 27
1700565171064 153.52353191375732 28
1700565324706 153.63399600982666 29
1700565478385 153.67136192321777 30
1700565632090 153.6972975730896 31
1700565785664 153.56487107276917 32
1700565939324 153.65182209014893 33
1700566092985 153.65323686599731 34
1700566246574 153.58228158950806 35
1700566400184 153.60291934013367 36
1700566553780 153.58763313293457 37
1700566707455 153.66665887832642 38
1700566861105 153.64144587516785 39
1700567014854 153.74254250526428 40
1700567168403 153.54171776771545 41
1700567321978 153.56725549697876 42
1700567475582 153.59559178352356 43
1700567629340 153.75077295303345 44
1700567782978 153.63050198554993 45
1700567936676 153.6897623538971 46
1700568090377 153.69329595565796 47
1700568244872 154.4870262145996 48
1700568398578 153.6964132785797 49
1700568552263 153.67751479148865 50
1700568705925 153.65399527549744 51
1700568859612 153.67845678329468 52
1700569013235 153.61571788787842 53
1700569166932 153.68894720077515 54
1700569320655 153.71514749526978 55
1700569474382 153.7187900543213 56
1700569628125 153.7359025478363 57
1700569781839 153.70625734329224 58
1700569935556 153.70985889434814 59
1700570089314 153.75001502037048 60
1700570243031 153.70867800712585 61
1700570396792 153.75342559814453 62
1700570550511 153.71130084991455 63
1700570704243 153.72334241867065 64
1700570857945 153.69469118118286 65
1700571011610 153.65713357925415 66
1700571165313 153.69575667381287 67
1700571319030 153.71034979820251 68
1700571472718 153.68028569221497 69
1700571626439 153.7129786014557 70
1700571780239 153.792555809021 71
1700571934020 153.77224946022034 72
1700572087709 153.6814239025116 73
1700572241462 153.74558758735657 74
1700572395262 153.79266166687012 75
1700572549016 153.74591279029846 76
1700572702844 153.8199965953827 77
1700572856623 153.7711682319641 78
1700573010402 153.77173733711243 79
1700573164206 153.7958722114563 80
1700573317967 153.75380492210388 81
1700573471720 153.7450544834137 82
1700573625506 153.77944540977478 83
1700573779310 153.7966845035553 84
1700573933080 153.76159119606018 85
1700574086884 153.79621815681458 86
1700574240642 153.75061202049255 87
1700574394415 153.76574039459229 88
1700574548182 153.75860857963562 89
1700574702013 153.82387018203735 90
1700574855822 153.80079770088196 91
1700575009690 153.86057949066162 92
1700575163502 153.8049750328064 93
1700575317318 153.80824661254883 94
1700575471090 153.7646849155426 95
1700575624842 153.74505305290222 96
1700575778561 153.71175169944763 97
1700575932330 153.76125741004944 98
1700576086077 153.7395522594452 99
