1700560877035 5.685999870300293 0
1700561029188 10.96399974822998 1
1700561181398 14.269999504089355 2
1700561333614 16.81399917602539 3
1700561486582 19.378000259399414 4
1700561639683 21.555999755859375 5
1700561791414 24.43000030517578 6
1700561944278 26.661998748779297 7
1700562097908 29.28999900817871 8
1700562251628 31.51999855041504 9
1700562405300 33.604000091552734 10
1700562558977 35.64799880981445 11
1700562712681 38.06399917602539 12
1700562866250 40.03999710083008 13
1700563019900 42.29999923706055 14
1700563173584 44.18199920654297 15
1700563327294 46.60799789428711 16
1700563480868 48.577999114990234 17
1700563634485 51.10199737548828 18
1700563788105 53.51199722290039 19
1700563941727 55.47999954223633 20
1700564095346 57.939998626708984 21
1700564248932 60.197998046875 22
1700564402478 62.9839973449707 23
1700564556086 65.68199920654297 24
1700564709782 68.6780014038086 25
1700564863289 71.04399871826172 26
1700565017526 73.86799621582031 27
1700565171057 77.05599975585938 28
1700565324699 80.02999877929688 29
1700565478378 82.60599517822266 30
1700565632082 85.54000091552734 31
1700565785656 87.89199829101562 32
1700565939316 90.19599914550781 33
1700566092977 92.44999694824219 34
1700566246566 93.94999694824219 35
1700566400177 95.4219970703125 36
1700566553773 96.69999694824219 37
1700566707447 97.68799591064453 38
1700566861097 98.16999816894531 39
1700567014847 98.80799865722656 40
1700567168396 99.12799835205078 41
1700567321971 99.47999572753906 42
1700567475574 99.6199951171875 43
1700567629332 99.6919937133789 44
1700567782971 99.71399688720703 45
1700567936668 99.75799560546875 46
1700568090369 99.81399536132812 47
1700568244865 99.91600036621094 48
1700568398570 99.91399383544922 49
1700568552254 99.91399383544922 50
1700568705917 99.91600036621094 51
1700568859604 99.89599609375 52
1700569013228 99.9219970703125 53
1700569166925 99.8740005493164 54
1700569320647 99.94999694824219 55
1700569474374 99.94599914550781 56
1700569628117 99.92799377441406 57
1700569781831 99.93999481201172 58
1700569935548 99.93000030517578 59
1700570089306 99.93999481201172 60
1700570243023 99.97200012207031 61
1700570396784 99.95199584960938 62
1700570550504 99.90999603271484 63
1700570704236 99.93599700927734 64
1700570857937 99.95999908447266 65
1700571011602 99.96399688720703 66
1700571165305 99.95800018310547 67
1700571319023 99.96399688720703 68
1700571472711 99.90599822998047 69
1700571626432 99.97000122070312 70
1700571780232 99.95600128173828 71
1700571934012 99.95199584960938 72
1700572087701 99.96599578857422 73
1700572241453 99.94999694824219 74
1700572395253 99.93000030517578 75
1700572549009 99.97000122070312 76
1700572702836 99.96399688720703 77
1700572856615 99.947998046875 78
1700573010395 99.8740005493164 79
1700573164198 99.93999481201172 80
1700573317959 99.91600036621094 81
1700573471712 99.96199798583984 82
1700573625497 99.93599700927734 83
1700573779303 99.96399688720703 84
1700573933072 99.97599792480469 85
1700574086877 99.95999908447266 86
1700574240634 99.95999908447266 87
1700574394407 99.95999908447266 88
1700574548174 98.20399475097656 89
1700574702005 99.70399475097656 90
1700574855814 99.93199920654297 91
1700575009681 99.9679946899414 92
1700575163494 99.95399475097656 93
1700575317310 99.97000122070312 94
1700575471082 99.97799682617188 95
1700575624834 99.9739990234375 96
1700575778554 99.93999481201172 97
1700575932321 99.96199798583984 98
1700576086069 99.97200012207031 99
