1700623281694 1182.351068496704 0
1700623379140 1117.946252822876 1
1700623477012 1080.6866312026978 2
1700623574323 1047.8794240951538 3
1700623666766 1019.7836763858795 4
1700623761874 993.0841300487518 5
1700623857240 969.8381702899933 6
1700623955587 949.0222826004028 7
1700624052722 934.0458145141602 8
1700624150480 910.3520956039429 9
1700624246843 897.9157202243805 10
1700624340244 883.7402482032776 11
1700624435377 867.2428202629089 12
1700624532370 857.3750233650208 13
1700624628986 846.4594302177429 14
1700624725774 826.3788187503815 15
1700624823951 816.6467525959015 16
1700624923111 807.0319719314575 17
1700625018903 792.4422891139984 18
1700625116722 779.116602897644 19
1700625212509 763.8551676273346 20
1700625309436 745.6251754760742 21
1700625403950 738.7381765842438 22
1700625501703 721.1501681804657 23
1700625595848 711.4268848896027 24
1700625691576 698.8980026245117 25
1700625790680 687.7256939411163 26
1700625884692 673.2900235652924 27
1700625978777 661.4699783325195 28
1700626073150 655.4040554761887 29
1700626169100 641.4782793521881 30
1700626267659 625.9984005689621 31
1700626364495 610.6186550855637 32
1700626459616 602.6653587818146 33
1700626554589 590.5098643302917 34
1700626652350 582.7130981683731 35
1700626748293 571.2768242359161 36
1700626845165 557.7352286577225 37
1700626942789 547.3608103990555 38
1700627040452 533.9786150455475 39
1700627135696 523.8618805408478 40
1700627235230 508.0677480697632 41
1700627334118 503.4100660085678 42
1700627432582 484.05990624427795 43
1700627529099 481.4018874168396 44
1700627627063 466.64038479328156 45
1700627722562 452.6894636154175 46
1700627825136 445.9147742986679 47
1700627924190 433.2340259552002 48
1700628021421 417.15884041786194 49
1700628117050 403.60196554660797 50
1700628211813 396.9823476076126 51
1700628310360 379.1420011520386 52
1700628406812 368.26469564437866 53
1700628503033 355.9677729010582 54
1700628598351 345.9772005677223 55
1700628695948 332.2767011523247 56
1700628791496 320.27782410383224 57
1700628887295 306.2801750302315 58
1700628981260 289.9676323533058 59
1700629078942 279.99875259399414 60
1700629177591 269.52264922857285 61
1700629273655 258.4415649175644 62
1700629370701 247.0728903412819 63
1700629465804 233.92237043380737 64
1700629561915 220.91491490602493 65
1700629660720 212.6219366788864 66
1700629755988 204.18956232070923 67
1700629856339 188.70126163959503 68
1700629951178 180.25757303833961 69
1700630046553 167.6771583557129 70
1700630142022 158.74108657240868 71
1700630237891 153.0538898408413 72
1700630337878 139.55612510442734 73
1700630438063 130.24655339121819 74
1700630533487 127.60441201925278 75
1700630630561 112.71499454975128 76
1700630727514 108.94072313606739 77
1700630821394 101.81583052873611 78
1700630919266 93.99824438989162 79
1700631015503 90.61275839805603 80
1700631112913 84.02188704907894 81
1700631209046 77.74664413928986 82
1700631304616 71.43685333430767 83
1700631403487 61.62405017018318 84
1700631500261 65.61763801425695 85
1700631597429 59.06788803637028 86
1700631692566 55.449215441942215 87
1700631787040 55.69284374266863 88
1700631880492 50.810540810227394 89
1700631976490 44.97082955390215 90
1700632075525 46.01453823596239 91
1700632169105 41.0626183077693 92
1700632265172 37.7224049679935 93
1700632362952 35.11625587940216 94
1700632460311 30.801595970988274 95
1700632556539 32.20363033935428 96
1700632653054 30.10594980791211 97
1700632749288 30.601840563118458 98
1700632845300 29.984050523489714 99
