1700623281780 98.18505120277405 0
1700623379164 97.37186479568481 1
1700623477043 97.8663341999054 2
1700623574343 97.2880654335022 3
1700623666787 92.43444037437439 4
1700623761896 95.09881567955017 5
1700623857260 95.35467338562012 6
1700623955607 98.3378496170044 7
1700624052742 97.12551093101501 8
1700624150503 97.75153517723083 9
1700624246864 96.34925436973572 10
1700624340265 93.39193320274353 11
1700624435398 95.12256073951721 12
1700624532389 96.98291158676147 13
1700624629007 96.6078770160675 14
1700624725819 96.80267333984375 15
1700624823976 98.13844561576843 16
1700624923132 99.13845372200012 17
1700625018945 95.80324482917786 18
1700625116746 97.78326487541199 19
1700625212529 95.77441096305847 20
1700625309466 96.9273829460144 21
1700625403969 94.48904299736023 22
1700625501737 97.75879716873169 23
1700625595868 94.11974883079529 24
1700625691595 95.71779370307922 25
1700625790701 99.09657979011536 26
1700625884722 94.01121592521667 27
1700625978797 94.06510281562805 28
1700626073170 94.36360454559326 29
1700626169130 95.9505968093872 30
1700626267685 98.54613518714905 31
1700626364515 96.82067728042603 32
1700626459649 95.1241466999054 33
1700626554609 94.9478645324707 34
1700626652385 97.76733446121216 35
1700626748315 95.91795325279236 36
1700626845185 96.85670876502991 37
1700626942809 97.61674380302429 38
1700627040479 97.6605453491211 39
1700627135723 95.23454737663269 40
1700627235250 99.51378798484802 41
1700627334148 98.88875389099121 42
1700627432602 98.44048047065735 43
1700627529128 96.5167305469513 44
1700627627091 97.95029139518738 45
1700627722582 95.47452592849731 46
1700627825167 102.57645630836487 47
1700627924210 99.03112697601318 48
1700628021441 97.22114896774292 49
1700628117076 95.62646007537842 50
1700628211837 94.74768924713135 51
1700628310390 98.53976535797119 52
1700628406832 96.43178129196167 53
1700628503054 96.21301198005676 54
1700628598371 95.30702686309814 55
1700628695978 97.59803414344788 56
1700628791516 95.52433156967163 57
1700628887315 95.79041171073914 58
1700628981289 93.96434187889099 59
1700629078971 97.67005395889282 60
1700629177623 98.63789129257202 61
1700629273675 96.03832340240479 62
1700629370724 97.03980493545532 63
1700629465837 95.09655547142029 64
1700629561935 96.08993697166443 65
1700629660756 98.81242728233337 66
1700629756012 95.23961138725281 67
1700629856364 100.33769130706787 68
1700629951197 94.81781053543091 69
1700630046581 95.37369680404663 70
1700630142042 95.45106434822083 71
1700630237929 95.8779981136322 72
1700630337909 99.9655659198761 73
1700630438083 100.16076970100403 74
1700630533507 95.41431021690369 75
1700630630592 97.07588648796082 76
1700630727537 96.92752003669739 77
1700630821424 93.87321615219116 78
1700630919306 97.86857461929321 79
1700631015523 96.20422101020813 80
1700631112939 97.40755701065063 81
1700631209066 96.11815237998962 82
1700631304636 95.56057500839233 83
1700631403521 98.87557721138 84
1700631500280 96.74410796165466 85
1700631597462 97.17318081855774 86
1700631692588 95.1137855052948 87
1700631787068 94.46784472465515 88
1700631880528 93.45089101791382 89
1700631976510 95.97015571594238 90
1700632075556 99.03651165962219 91
1700632169140 93.57105946540833 92
1700632265192 96.0398063659668 93
1700632362973 97.77150988578796 94
1700632460331 97.34782195091248 95
1700632556560 96.22024965286255 96
1700632653091 96.5203468799591 97
1700632749309 96.202871799469 98
1700632845320 96.00190448760986 99
