1700623281766 3.257934808731079 0
1700623379150 6.305873870849609 1
1700623477031 8.279834747314453 2
1700623574334 10.295794486999512 3
1700623666777 11.909762382507324 4
1700623761885 13.295734405517578 5
1700623857251 14.735705375671387 6
1700623955598 15.389692306518555 7
1700624052733 16.37967300415039 8
1700624150491 17.819644927978516 9
1700624246854 18.431631088256836 10
1700624340255 18.995620727539062 11
1700624435388 20.693586349487305 12
1700624532380 21.095579147338867 13
1700624628997 22.145557403564453 14
1700624725799 22.89554214477539 15
1700624823962 24.30551528930664 16
1700624923121 24.755504608154297 17
1700625018923 25.955482482910156 18
1700625116735 27.07745933532715 19
1700625212520 28.295434951782227 20
1700625309452 29.021419525146484 21
1700625403960 29.37541389465332 22
1700625501720 31.2653751373291 23
1700625595859 31.811365127563477 24
1700625691586 32.4953498840332 25
1700625790691 33.491329193115234 26
1700625884707 33.959320068359375 27
1700625978788 35.3632926940918 28
1700626073160 36.101280212402344 29
1700626169116 37.055259704589844 30
1700626267670 38.70522689819336 31
1700626364506 39.1372184753418 32
1700626459633 40.253196716308594 33
1700626554599 41.21917724609375 34
1700626652369 41.57316970825195 35
1700626748307 42.887142181396484 36
1700626845177 44.01512145996094 37
1700626942800 44.96910095214844 38
1700627040468 46.0430793762207 39
1700627135713 46.90106201171875 40
1700627235240 48.50303268432617 41
1700627334134 48.647029876708984 42
1700627432593 50.914981842041016 43
1700627529115 50.92698287963867 44
1700627627077 52.22895812988281 45
1700627722572 53.92692184448242 46
1700627825153 54.28691482543945 47
1700627924201 55.91888427734375 48
1700628021431 57.65284729003906 49
1700628117062 58.19883728027344 50
1700628211824 59.63880920410156 51
1700628310375 60.934783935546875 52
1700628406823 62.146759033203125 53
1700628503044 63.568729400634766 54
1700628598361 64.2107162475586 55
1700628695963 66.17868041992188 56
1700628791506 67.07865905761719 57
1700628887306 68.6986312866211 58
1700628981272 69.97660064697266 59
1700629078957 71.71656799316406 60
1700629177611 72.37655639648438 61
1700629273665 74.20051574707031 62
1700629370712 75.70048522949219 63
1700629465829 76.95446014404297 64
1700629561925 78.68242645263672 65
1700629660740 79.73240661621094 66
1700629756001 80.17039489746094 67
1700629856354 82.4323501586914 68
1700629951188 83.30233764648438 69
1700630046569 84.56831359863281 70
1700630142033 85.72029113769531 71
1700630237916 86.38627624511719 72
1700630337894 88.01824188232422 73
1700630438074 89.26021575927734 74
1700630533497 89.47621154785156 75
1700630630571 91.15618133544922 76
1700630727524 91.34817504882812 77
1700630821409 92.25415802001953 78
1700630919289 93.27413940429688 79
1700631015514 93.5621337890625 80
1700631112930 94.40211486816406 81
1700631209057 94.6421127319336 82
1700631304627 95.56008911132812 83
1700631403505 96.62806701660156 84
1700631500271 96.04008483886719 85
1700631597446 96.82606506347656 86
1700631692579 97.04206085205078 87
1700631787057 96.76007080078125 88
1700631880515 97.1380615234375 89
1700631976501 97.94204711914062 90
1700632075541 97.654052734375 91
1700632169128 98.00204467773438 92
1700632265183 98.3620376586914 93
1700632362963 98.72203063964844 94
1700632460322 99.06401824951172 95
1700632556550 98.81202697753906 96
1700632653074 98.84202575683594 97
1700632749299 98.8480224609375 98
1700632845311 98.84202575683594 99
